# clock	walking	resting	collected_food	energy
1	0	20	0	0
2	0	20	0	0
3	4	16	0	-4
4	6	14	0	-10
5	6	14	0	-16
6	6	14	0	-22
7	7	13	0	-29
8	10	10	0	-39
9	11	9	0	-50
10	15	5	0	-65
11	18	2	0	-83
12	18	2	0	-101
13	18	2	0	-119
14	18	2	0	-137
15	18	2	0	-155
16	18	2	0	-173
17	18	2	0	-191
18	18	2	0	-209
19	18	2	0	-227
20	18	2	0	-245
21	19	1	0	-264
22	19	1	0	-283
23	19	1	0	-302
24	19	1	0	-321
25	19	1	0	-340
26	19	1	0	-359
27	19	1	0	-378
28	19	1	0	-397
29	19	1	0	-416
30	19	1	0	-435
31	19	1	0	-454
32	19	1	0	-473
33	20	0	0	-493
34	20	0	0	-513
35	20	0	0	-533
36	20	0	0	-553
37	20	0	0	-573
38	20	0	0	-593
39	20	0	0	-613
40	20	0	0	-633
41	20	0	0	-653
42	20	0	0	-673
43	20	0	0	-693
44	20	0	0	-713
45	20	0	0	-733
46	20	0	0	-753
47	20	0	0	-773
48	20	0	0	-793
49	20	0	0	-813
50	20	0	0	-833
51	20	0	0	-853
52	20	0	0	-873
53	20	0	0	-893
54	20	0	0	-913
55	20	0	0	-933
56	20	0	0	-953
57	20	0	0	-973
58	20	0	0	-993
59	20	0	0	-1013
60	20	0	0	-1033
61	20	0	0	-1053
62	20	0	0	-1073
63	20	0	0	-1093
64	20	0	0	-1113
65	20	0	0	-1133
66	20	0	0	-1153
67	20	0	0	-1173
68	20	0	0	-1193
69	20	0	0	-1213
70	20	0	0	-1233
71	20	0	0	-1253
72	20	0	0	-1273
73	20	0	0	-1293
74	20	0	0	-1313
75	20	0	0	-1333
76	20	0	0	-1353
77	20	0	0	-1373
78	20	0	0	-1393
79	20	0	0	-1413
80	20	0	0	-1433
81	20	0	0	-1453
82	20	0	0	-1473
83	20	0	0	-1493
84	20	0	0	-1513
85	20	0	0	-1533
86	20	0	0	-1553
87	20	0	0	-1573
88	20	0	0	-1593
89	20	0	0	-1613
90	20	0	0	-1633
91	20	0	0	-1653
92	20	0	0	-1673
93	20	0	0	-1693
94	20	0	0	-1713
95	20	0	0	-1733
96	20	0	0	-1753
97	20	0	0	-1773
98	20	0	0	-1793
99	20	0	0	-1813
100	20	0	0	-1833
101	20	0	0	-1853
102	20	0	0	-1873
103	20	0	0	-1893
104	20	0	0	-1913
105	20	0	0	-1933
106	20	0	0	-1953
107	20	0	0	-1973
108	20	0	0	-1993
109	20	0	0	-2013
110	20	0	0	-2033
111	20	0	0	-2053
112	20	0	0	-2073
113	20	0	0	-2093
114	20	0	0	-2113
115	20	0	0	-2133
116	20	0	0	-2153
117	20	0	0	-2173
118	20	0	0	-2193
119	20	0	0	-2213
120	20	0	0	-2233
121	20	0	0	-2253
122	20	0	0	-2273
123	20	0	0	-2293
124	20	0	1	-1313
125	20	0	1	-1333
126	20	0	1	-1353
127	20	0	1	-1373
128	20	0	1	-1393
129	20	0	1	-1413
130	20	0	1	-1433
131	20	0	1	-1453
132	20	0	1	-1473
133	20	0	1	-1493
134	20	0	1	-1513
135	20	0	1	-1533
136	20	0	1	-1553
137	20	0	1	-1573
138	20	0	1	-1593
139	20	0	2	-613
140	20	0	2	-633
141	20	0	3	347
142	20	0	3	327
143	20	0	3	307
144	20	0	3	287
145	20	0	3	267
146	20	0	3	247
147	20	0	3	227
148	20	0	3	207
149	20	0	3	187
150	20	0	3	167
151	20	0	3	147
152	20	0	3	127
153	20	0	3	107
154	20	0	3	87
155	20	0	3	67
156	20	0	3	47
157	20	0	3	27
158	20	0	3	7
159	20	0	3	-13
160	20	0	3	-33
161	20	0	3	-53
162	20	0	3	-73
163	20	0	3	-93
164	20	0	3	-113
165	20	0	3	-133
166	20	0	3	-153
167	20	0	3	-173
168	20	0	3	-193
169	20	0	3	-213
170	20	0	3	-233
171	20	0	3	-253
172	20	0	3	-273
173	20	0	3	-293
174	20	0	3	-313
175	20	0	3	-333
176	20	0	4	647
177	20	0	4	627
178	20	0	4	607
179	20	0	4	587
180	20	0	4	567
181	20	0	4	547
182	20	0	4	527
183	20	0	4	507
184	20	0	4	487
185	20	0	4	467
186	20	0	4	447
187	20	0	4	427
188	20	0	4	407
189	20	0	4	387
190	20	0	4	367
191	20	0	4	347
192	20	0	4	327
193	20	0	4	307
194	20	0	4	287
195	20	0	4	267
196	20	0	4	247
197	19	1	4	228
198	19	1	4	209
199	18	2	4	191
200	18	2	4	173
201	17	3	4	156
202	17	3	4	139
203	17	3	4	122
204	17	3	4	105
205	17	3	4	88
206	17	3	4	71
207	17	3	4	54
208	17	3	4	37
209	17	3	4	20
210	17	3	4	3
211	17	3	4	-14
212	17	3	4	-31
213	17	3	4	-48
214	17	3	4	-65
215	17	3	4	-82
216	17	3	4	-99
217	17	3	4	-116
218	17	3	4	-133
219	17	3	4	-150
220	17	3	4	-167
221	17	3	4	-184
222	17	3	4	-201
223	17	3	4	-218
224	17	3	4	-235
225	17	3	4	-252
226	17	3	4	-269
227	17	3	4	-286
228	17	3	4	-303
229	17	3	4	-320
230	17	3	4	-337
231	17	3	4	-354
232	17	3	4	-371
233	17	3	4	-388
234	16	4	4	-404
235	16	4	4	-420
236	16	4	4	-436
237	16	4	4	-452
238	16	4	4	-468
239	16	4	4	-484
240	16	4	4	-500
241	16	4	4	-516
242	16	4	4	-532
243	16	4	4	-548
244	16	4	4	-564
245	16	4	4	-580
246	16	4	4	-596
247	16	4	4	-612
248	16	4	4	-628
249	16	4	4	-644
250	16	4	4	-660
251	16	4	4	-676
252	16	4	4	-692
253	16	4	4	-708
254	16	4	4	-724
255	16	4	4	-740
256	17	3	4	-757
257	17	3	4	-774
258	17	3	4	-791
259	17	3	4	-808
260	17	3	4	-825
261	17	3	4	-842
262	17	3	4	-859
263	17	3	4	-876
264	17	3	4	-893
265	17	3	4	-910
266	17	3	4	-927
267	17	3	4	-944
268	17	3	4	-961
269	17	3	4	-978
270	17	3	4	-995
271	17	3	4	-1012
272	17	3	4	-1029
273	17	3	4	-1046
274	17	3	4	-1063
275	17	3	4	-1080
276	17	3	4	-1097
277	18	2	4	-1115
278	18	2	4	-1133
279	18	2	4	-1151
280	18	2	4	-1169
281	18	2	4	-1187
282	18	2	4	-1205
283	18	2	4	-1223
284	18	2	4	-1241
285	18	2	4	-1259
286	18	2	4	-1277
287	18	2	4	-1295
288	18	2	4	-1313
289	18	2	4	-1331
290	19	1	4	-1350
291	19	1	4	-1369
292	19	1	4	-1388
293	19	1	4	-1407
294	19	1	4	-1426
295	19	1	4	-1445
296	19	1	4	-1464
297	19	1	4	-1483
298	19	1	5	-502
299	20	0	5	-522
300	20	0	5	-542
301	20	0	5	-562
302	20	0	5	-582
303	20	0	5	-602
304	20	0	5	-622
305	20	0	5	-642
306	20	0	5	-662
307	20	0	5	-682
308	20	0	5	-702
309	20	0	5	-722
310	20	0	5	-742
311	20	0	5	-762
312	20	0	5	-782
313	20	0	5	-802
314	20	0	5	-822
315	20	0	5	-842
316	20	0	5	-862
317	20	0	5	-882
318	20	0	5	-902
319	20	0	5	-922
320	20	0	5	-942
321	20	0	5	-962
322	20	0	5	-982
323	20	0	5	-1002
324	20	0	5	-1022
325	20	0	5	-1042
326	20	0	5	-1062
327	20	0	5	-1082
328	20	0	5	-1102
329	20	0	5	-1122
330	20	0	5	-1142
331	20	0	5	-1162
332	20	0	5	-1182
333	20	0	5	-1202
334	20	0	5	-1222
335	20	0	5	-1242
336	20	0	5	-1262
337	20	0	5	-1282
338	20	0	5	-1302
339	20	0	5	-1322
340	20	0	5	-1342
341	20	0	5	-1362
342	20	0	5	-1382
343	20	0	5	-1402
344	20	0	5	-1422
345	20	0	5	-1442
346	20	0	5	-1462
347	20	0	5	-1482
348	20	0	5	-1502
349	20	0	5	-1522
350	20	0	5	-1542
351	20	0	5	-1562
352	20	0	5	-1582
353	20	0	5	-1602
354	20	0	5	-1622
355	20	0	5	-1642
356	20	0	5	-1662
357	20	0	5	-1682
358	20	0	5	-1702
359	20	0	5	-1722
360	20	0	5	-1742
361	20	0	5	-1762
362	20	0	5	-1782
363	20	0	6	-802
364	20	0	6	-822
365	20	0	6	-842
366	20	0	6	-862
367	20	0	6	-882
368	20	0	6	-902
369	20	0	6	-922
370	20	0	6	-942
371	20	0	6	-962
372	20	0	6	-982
373	20	0	6	-1002
374	19	1	6	-1021
375	19	1	6	-1040
376	19	1	6	-1059
377	19	1	7	-78
378	19	1	7	-97
379	19	1	7	-116
380	19	1	7	-135
381	19	1	7	-154
382	19	1	7	-173
383	19	1	7	-192
384	19	1	7	-211
385	19	1	7	-230
386	19	1	7	-249
387	19	1	7	-268
388	19	1	7	-287
389	19	1	7	-306
390	19	1	7	-325
391	19	1	7	-344
392	19	1	7	-363
393	19	1	7	-382
394	19	1	7	-401
395	19	1	7	-420
396	19	1	7	-439
397	19	1	7	-458
398	19	1	7	-477
399	19	1	7	-496
400	19	1	7	-515
401	19	1	7	-534
402	19	1	7	-553
403	19	1	7	-572
404	19	1	7	-591
405	19	1	7	-610
406	19	1	7	-629
407	19	1	7	-648
408	19	1	7	-667
409	19	1	7	-686
410	19	1	7	-705
411	19	1	7	-724
412	19	1	7	-743
413	19	1	7	-762
414	19	1	7	-781
415	19	1	7	-800
416	19	1	7	-819
417	19	1	7	-838
418	19	1	7	-857
419	19	1	7	-876
420	19	1	7	-895
421	18	2	7	-913
422	18	2	7	-931
423	18	2	7	-949
424	18	2	7	-967
425	18	2	7	-985
426	18	2	7	-1003
427	18	2	7	-1021
428	18	2	7	-1039
429	18	2	7	-1057
430	18	2	7	-1075
431	18	2	7	-1093
432	18	2	7	-1111
433	18	2	7	-1129
434	18	2	7	-1147
435	17	3	7	-1164
436	17	3	7	-1181
437	17	3	7	-1198
438	17	3	7	-1215
439	17	3	7	-1232
440	17	3	7	-1249
441	17	3	7	-1266
442	17	3	7	-1283
443	17	3	7	-1300
444	17	3	7	-1317
445	17	3	7	-1334
446	17	3	7	-1351
447	17	3	7	-1368
448	17	3	7	-1385
449	17	3	7	-1402
450	17	3	7	-1419
451	17	3	7	-1436
452	17	3	7	-1453
453	17	3	7	-1470
454	17	3	7	-1487
455	17	3	7	-1504
456	17	3	8	-521
457	17	3	8	-538
458	17	3	8	-555
459	17	3	8	-572
460	17	3	8	-589
461	17	3	8	-606
462	17	3	8	-623
463	17	3	8	-640
464	17	3	8	-657
465	17	3	8	-674
466	17	3	8	-691
467	17	3	8	-708
468	17	3	8	-725
469	17	3	8	-742
470	17	3	8	-759
471	17	3	8	-776
472	17	3	8	-793
473	17	3	8	-810
474	17	3	8	-827
475	17	3	8	-844
476	17	3	8	-861
477	17	3	8	-878
478	17	3	8	-895
479	17	3	8	-912
480	17	3	8	-929
481	17	3	8	-946
482	17	3	8	-963
483	17	3	8	-980
484	17	3	8	-997
485	17	3	8	-1014
486	17	3	8	-1031
487	18	2	8	-1049
488	18	2	8	-1067
489	18	2	8	-1085
490	18	2	8	-1103
491	18	2	8	-1121
492	18	2	8	-1139
493	18	2	8	-1157
494	18	2	8	-1175
495	18	2	8	-1193
496	18	2	8	-1211
497	18	2	8	-1229
498	18	2	8	-1247
499	18	2	8	-1265
500	18	2	8	-1283
501	18	2	8	-1301
502	18	2	8	-1319
503	18	2	8	-1337
504	18	2	8	-1355
505	18	2	8	-1373
506	18	2	8	-1391
507	18	2	8	-1409
508	18	2	8	-1427
509	18	2	8	-1445
510	18	2	8	-1463
511	18	2	8	-1481
512	18	2	8	-1499
513	18	2	8	-1517
514	17	3	8	-1534
515	17	3	8	-1551
516	17	3	8	-1568
517	17	3	8	-1585
518	17	3	8	-1602
519	17	3	8	-1619
520	17	3	8	-1636
521	17	3	8	-1653
522	17	3	8	-1670
523	17	3	8	-1687
524	17	3	8	-1704
525	17	3	8	-1721
526	17	3	8	-1738
527	17	3	8	-1755
528	17	3	9	-772
529	17	3	9	-789
530	17	3	9	-806
531	17	3	9	-823
532	17	3	9	-840
533	17	3	9	-857
534	17	3	9	-874
535	17	3	9	-891
536	17	3	9	-908
537	17	3	9	-925
538	17	3	9	-942
539	17	3	9	-959
540	17	3	9	-976
541	17	3	9	-993
542	17	3	9	-1010
543	17	3	9	-1027
544	17	3	9	-1044
545	17	3	9	-1061
546	17	3	9	-1078
547	18	2	9	-1096
548	18	2	9	-1114
549	18	2	9	-1132
550	18	2	9	-1150
551	18	2	9	-1168
552	18	2	9	-1186
553	18	2	9	-1204
554	18	2	9	-1222
555	18	2	9	-1240
556	18	2	9	-1258
557	18	2	9	-1276
558	18	2	9	-1294
559	18	2	9	-1312
560	18	2	9	-1330
561	18	2	9	-1348
562	18	2	9	-1366
563	18	2	9	-1384
564	18	2	9	-1402
565	18	2	9	-1420
566	18	2	9	-1438
567	18	2	9	-1456
568	18	2	9	-1474
569	18	2	9	-1492
570	18	2	9	-1510
571	18	2	9	-1528
572	18	2	9	-1546
573	18	2	9	-1564
574	18	2	9	-1582
575	18	2	9	-1600
576	18	2	9	-1618
577	18	2	9	-1636
578	18	2	9	-1654
579	18	2	9	-1672
580	18	2	9	-1690
581	18	2	9	-1708
582	18	2	9	-1726
583	18	2	9	-1744
584	19	1	9	-1763
585	19	1	9	-1782
586	19	1	9	-1801
587	19	1	9	-1820
588	19	1	9	-1839
589	19	1	9	-1858
590	19	1	9	-1877
591	18	2	9	-1895
592	18	2	9	-1913
593	18	2	9	-1931
594	18	2	9	-1949
595	18	2	9	-1967
596	18	2	9	-1985
597	18	2	9	-2003
598	18	2	9	-2021
599	18	2	9	-2039
600	18	2	9	-2057
601	18	2	9	-2075
602	18	2	9	-2093
603	18	2	9	-2111
604	18	2	9	-2129
605	18	2	9	-2147
606	18	2	10	-1165
607	18	2	11	-183
608	18	2	11	-201
609	18	2	11	-219
610	18	2	11	-237
611	18	2	11	-255
612	18	2	11	-273
613	18	2	11	-291
614	18	2	11	-309
615	18	2	11	-327
616	18	2	11	-345
617	18	2	11	-363
618	18	2	11	-381
619	18	2	11	-399
620	18	2	11	-417
621	18	2	11	-435
622	18	2	11	-453
623	18	2	11	-471
624	19	1	11	-490
625	19	1	11	-509
626	19	1	11	-528
627	19	1	11	-547
628	19	1	11	-566
629	19	1	11	-585
630	19	1	11	-604
631	19	1	11	-623
632	19	1	11	-642
633	19	1	11	-661
634	19	1	11	-680
635	19	1	11	-699
636	19	1	11	-718
637	19	1	11	-737
638	19	1	11	-756
639	19	1	11	-775
640	19	1	11	-794
641	19	1	11	-813
642	19	1	11	-832
643	19	1	11	-851
644	19	1	11	-870
645	19	1	12	111
646	19	1	12	92
647	19	1	12	73
648	19	1	12	54
649	19	1	12	35
650	19	1	12	16
651	19	1	12	-3
652	19	1	12	-22
653	19	1	12	-41
654	19	1	12	-60
655	19	1	12	-79
656	19	1	12	-98
657	19	1	12	-117
658	19	1	12	-136
659	19	1	12	-155
660	19	1	12	-174
661	19	1	12	-193
662	18	2	12	-211
663	18	2	12	-229
664	17	3	13	754
665	17	3	13	737
666	16	4	13	721
667	16	4	13	705
668	16	4	13	689
669	16	4	13	673
670	16	4	13	657
671	16	4	13	641
672	16	4	13	625
673	16	4	13	609
674	16	4	13	593
675	15	5	13	578
676	15	5	13	563
677	15	5	13	548
678	15	5	13	533
679	15	5	13	518
680	15	5	13	503
681	15	5	13	488
682	15	5	13	473
683	15	5	13	458
684	15	5	13	443
685	15	5	13	428
686	15	5	13	413
687	15	5	14	1398
688	15	5	14	1383
689	15	5	14	1368
690	15	5	14	1353
691	15	5	14	1338
692	15	5	14	1323
693	15	5	14	1308
694	15	5	14	1293
695	15	5	14	1278
696	15	5	14	1263
697	15	5	14	1248
698	15	5	14	1233
699	15	5	14	1218
700	15	5	14	1203
701	15	5	14	1188
702	15	5	14	1173
703	14	6	14	1159
704	14	6	14	1145
705	14	6	14	1131
706	14	6	14	1117
707	14	6	14	1103
708	14	6	14	1089
709	14	6	14	1075
710	14	6	14	1061
711	14	6	14	1047
712	14	6	14	1033
713	14	6	14	1019
714	14	6	14	1005
715	14	6	14	991
716	14	6	14	977
717	14	6	14	963
718	14	6	14	949
719	15	5	14	934
720	16	4	14	918
721	16	4	14	902
722	15	5	14	887
723	15	5	14	872
724	15	5	14	857
725	15	5	14	842
726	15	5	14	827
727	15	5	14	812
728	15	5	14	797
729	15	5	14	782
730	15	5	14	767
731	15	5	14	752
732	15	5	14	737
733	15	5	14	722
734	15	5	14	707
735	16	4	14	691
736	16	4	14	675
737	16	4	14	659
738	16	4	14	643
739	16	4	14	627
740	16	4	14	611
741	16	4	14	595
742	16	4	14	579
743	16	4	14	563
744	16	4	15	1547
745	15	5	15	1532
746	15	5	15	1517
747	15	5	15	1502
748	15	5	15	1487
749	15	5	15	1472
750	16	4	15	1456
751	16	4	15	1440
752	16	4	15	1424
753	16	4	15	1408
754	16	4	15	1392
755	16	4	15	1376
756	16	4	15	1360
757	16	4	15	1344
758	16	4	15	1328
759	16	4	15	1312
760	17	3	15	1295
761	17	3	15	1278
762	17	3	15	1261
763	17	3	15	1244
764	17	3	15	1227
765	17	3	15	1210
766	17	3	15	1193
767	17	3	15	1176
768	17	3	15	1159
769	17	3	15	1142
770	17	3	15	1125
771	17	3	15	1108
772	17	3	15	1091
773	17	3	15	1074
774	17	3	15	1057
775	17	3	15	1040
776	17	3	15	1023
777	17	3	15	1006
778	17	3	15	989
779	17	3	15	972
780	17	3	15	955
781	17	3	15	938
782	16	4	15	922
783	16	4	15	906
784	16	4	15	890
785	16	4	15	874
786	16	4	15	858
787	16	4	15	842
788	16	4	15	826
789	16	4	15	810
790	16	4	15	794
791	16	4	15	778
792	16	4	15	762
793	16	4	15	746
794	16	4	15	730
795	16	4	15	714
796	16	4	15	698
797	16	4	15	682
798	16	4	15	666
799	16	4	15	650
800	16	4	15	634
801	16	4	15	618
802	16	4	15	602
803	15	5	15	587
804	14	6	15	573
805	14	6	15	559
806	14	6	15	545
807	14	6	15	531
808	14	6	15	517
809	14	6	15	503
810	14	6	15	489
811	14	6	16	1475
812	14	6	16	1461
813	14	6	16	1447
814	14	6	16	1433
815	14	6	16	1419
816	14	6	16	1405
817	14	6	16	1391
818	14	6	16	1377
819	14	6	16	1363
820	15	5	16	1348
821	15	5	16	1333
822	15	5	16	1318
823	15	5	16	1303
824	15	5	16	1288
825	15	5	16	1273
826	15	5	16	1258
827	15	5	16	1243
828	15	5	16	1228
829	15	5	16	1213
830	15	5	16	1198
831	15	5	16	1183
832	15	5	16	1168
833	15	5	16	1153
834	15	5	16	1138
835	15	5	16	1123
836	15	5	16	1108
837	15	5	16	1093
838	15	5	16	1078
839	15	5	16	1063
840	15	5	16	1048
841	15	5	16	1033
842	15	5	16	1018
843	15	5	16	1003
844	15	5	16	988
845	15	5	16	973
846	15	5	16	958
847	15	5	16	943
848	15	5	16	928
849	15	5	16	913
850	15	5	16	898
851	15	5	16	883
852	15	5	16	868
853	15	5	16	853
854	15	5	16	838
855	15	5	16	823
856	15	5	16	808
857	15	5	16	793
858	15	5	16	778
859	14	6	16	764
860	14	6	16	750
861	14	6	16	736
862	14	6	16	722
863	14	6	16	708
864	14	6	16	694
865	14	6	16	680
866	14	6	16	666
867	14	6	16	652
868	14	6	16	638
869	13	7	16	625
870	13	7	16	612
871	13	7	16	599
872	13	7	16	586
873	13	7	16	573
874	13	7	16	560
875	13	7	16	547
876	13	7	16	534
877	13	7	17	1521
878	13	7	17	1508
879	13	7	17	1495
880	13	7	17	1482
881	13	7	17	1469
882	13	7	17	1456
883	13	7	17	1443
884	13	7	17	1430
885	13	7	17	1417
886	13	7	17	1404
887	13	7	17	1391
888	13	7	17	1378
889	13	7	17	1365
890	13	7	17	1352
891	13	7	17	1339
892	13	7	17	1326
893	13	7	17	1313
894	13	7	17	1300
895	13	7	17	1287
896	13	7	17	1274
897	13	7	17	1261
898	13	7	17	1248
899	13	7	17	1235
900	13	7	17	1222
901	13	7	17	1209
902	13	7	17	1196
903	13	7	17	1183
904	13	7	17	1170
905	13	7	17	1157
906	13	7	17	1144
907	13	7	17	1131
908	13	7	17	1118
909	13	7	17	1105
910	13	7	17	1092
911	13	7	17	1079
912	13	7	17	1066
913	13	7	17	1053
914	13	7	17	1040
915	13	7	17	1027
916	13	7	17	1014
917	13	7	17	1001
918	13	7	17	988
919	13	7	17	975
920	13	7	17	962
921	13	7	17	949
922	13	7	17	936
923	13	7	17	923
924	13	7	17	910
925	13	7	17	897
926	13	7	17	884
927	13	7	17	871
928	13	7	17	858
929	13	7	17	845
930	13	7	17	832
931	13	7	17	819
932	13	7	17	806
933	13	7	17	793
934	13	7	17	780
935	13	7	17	767
936	12	8	17	755
937	12	8	17	743
938	12	8	17	731
939	12	8	17	719
940	12	8	17	707
941	12	8	17	695
942	12	8	17	683
943	12	8	17	671
944	12	8	17	659
945	12	8	17	647
946	12	8	17	635
947	12	8	17	623
948	12	8	17	611
949	12	8	17	599
950	11	9	17	588
951	11	9	17	577
952	11	9	17	566
953	11	9	17	555
954	11	9	17	544
955	11	9	17	533
956	12	8	17	521
957	12	8	17	509
958	12	8	17	497
959	12	8	17	485
960	12	8	17	473
961	12	8	17	461
962	12	8	17	449
963	12	8	17	437
964	12	8	17	425
965	12	8	17	413
966	12	8	17	401
967	12	8	17	389
968	12	8	17	377
969	12	8	17	365
970	12	8	17	353
971	13	7	17	340
972	13	7	17	327
973	13	7	17	314
974	13	7	17	301
975	13	7	17	288
976	13	7	17	275
977	13	7	17	262
978	13	7	17	249
979	13	7	17	236
980	13	7	17	223
981	13	7	17	210
982	13	7	17	197
983	13	7	17	184
984	13	7	17	171
985	13	7	17	158
986	13	7	17	145
987	13	7	17	132
988	13	7	17	119
989	13	7	17	106
990	13	7	17	93
991	13	7	17	80
992	13	7	17	67
993	13	7	17	54
994	13	7	17	41
995	13	7	17	28
996	13	7	17	15
997	13	7	17	2
998	13	7	17	-11
999	13	7	17	-24
1000	13	7	17	-37
1001	13	7	17	-50
1002	13	7	17	-63
1003	13	7	17	-76
1004	13	7	17	-89
1005	13	7	17	-102
1006	13	7	17	-115
1007	13	7	17	-128
1008	13	7	17	-141
1009	13	7	17	-154
1010	13	7	17	-167
1011	13	7	17	-180
1012	13	7	17	-193
1013	13	7	17	-206
1014	13	7	17	-219
1015	13	7	17	-232
1016	13	7	17	-245
1017	13	7	17	-258
1018	13	7	17	-271
1019	13	7	17	-284
1020	13	7	17	-297
1021	13	7	17	-310
1022	13	7	17	-323
1023	13	7	17	-336
1024	13	7	17	-349
1025	13	7	17	-362
1026	13	7	17	-375
1027	13	7	17	-388
1028	13	7	17	-401
1029	13	7	17	-414
1030	13	7	17	-427
1031	13	7	17	-440
1032	13	7	17	-453
1033	13	7	17	-466
1034	13	7	17	-479
1035	13	7	17	-492
1036	13	7	17	-505
1037	13	7	17	-518
1038	13	7	17	-531
1039	13	7	17	-544
1040	13	7	17	-557
1041	13	7	17	-570
1042	13	7	17	-583
1043	13	7	17	-596
1044	13	7	17	-609
1045	13	7	17	-622
1046	13	7	17	-635
1047	13	7	17	-648
1048	13	7	17	-661
1049	13	7	17	-674
1050	13	7	17	-687
1051	13	7	17	-700
1052	13	7	17	-713
1053	13	7	17	-726
1054	13	7	17	-739
1055	13	7	17	-752
1056	13	7	17	-765
1057	13	7	17	-778
1058	13	7	17	-791
1059	13	7	17	-804
1060	13	7	17	-817
1061	13	7	17	-830
1062	13	7	17	-843
1063	13	7	17	-856
1064	13	7	17	-869
1065	13	7	17	-882
1066	13	7	17	-895
1067	13	7	17	-908
1068	13	7	17	-921
1069	13	7	17	-934
1070	13	7	17	-947
1071	13	7	17	-960
1072	13	7	17	-973
1073	13	7	17	-986
1074	13	7	17	-999
1075	13	7	17	-1012
1076	13	7	17	-1025
1077	13	7	17	-1038
1078	13	7	17	-1051
1079	13	7	17	-1064
1080	13	7	17	-1077
1081	13	7	17	-1090
1082	13	7	17	-1103
1083	13	7	17	-1116
1084	13	7	17	-1129
1085	13	7	17	-1142
1086	13	7	17	-1155
1087	13	7	17	-1168
1088	13	7	17	-1181
1089	13	7	17	-1194
1090	13	7	17	-1207
1091	13	7	18	-220
1092	13	7	18	-233
1093	13	7	18	-246
1094	13	7	18	-259
1095	13	7	18	-272
1096	13	7	18	-285
1097	13	7	18	-298
1098	13	7	18	-311
1099	13	7	18	-324
1100	13	7	18	-337
1101	13	7	18	-350
1102	13	7	18	-363
1103	13	7	18	-376
1104	13	7	18	-389
1105	13	7	18	-402
1106	13	7	18	-415
1107	13	7	18	-428
1108	13	7	18	-441
1109	13	7	18	-454
1110	13	7	18	-467
1111	13	7	18	-480
1112	13	7	18	-493
1113	13	7	18	-506
1114	13	7	18	-519
1115	13	7	18	-532
1116	13	7	18	-545
1117	13	7	18	-558
1118	13	7	18	-571
1119	13	7	18	-584
1120	13	7	18	-597
1121	13	7	18	-610
1122	13	7	18	-623
1123	13	7	18	-636
1124	13	7	18	-649
1125	13	7	18	-662
1126	13	7	18	-675
1127	13	7	18	-688
1128	13	7	18	-701
1129	13	7	18	-714
1130	13	7	18	-727
1131	13	7	18	-740
1132	13	7	18	-753
1133	13	7	18	-766
1134	13	7	18	-779
1135	13	7	18	-792
1136	13	7	18	-805
1137	13	7	18	-818
1138	13	7	18	-831
1139	13	7	18	-844
1140	13	7	18	-857
1141	13	7	18	-870
1142	13	7	18	-883
1143	13	7	18	-896
1144	13	7	18	-909
1145	13	7	18	-922
1146	13	7	18	-935
1147	13	7	18	-948
1148	13	7	18	-961
1149	12	8	18	-973
1150	12	8	18	-985
1151	12	8	18	-997
1152	12	8	18	-1009
1153	12	8	18	-1021
1154	12	8	18	-1033
1155	12	8	18	-1045
1156	12	8	18	-1057
1157	12	8	18	-1069
1158	12	8	18	-1081
1159	12	8	18	-1093
1160	12	8	18	-1105
1161	12	8	18	-1117
1162	12	8	18	-1129
1163	12	8	18	-1141
1164	12	8	18	-1153
1165	12	8	18	-1165
1166	12	8	18	-1177
1167	12	8	18	-1189
1168	12	8	18	-1201
1169	12	8	18	-1213
1170	12	8	18	-1225
1171	12	8	18	-1237
1172	12	8	18	-1249
1173	12	8	18	-1261
1174	12	8	18	-1273
1175	12	8	18	-1285
1176	12	8	18	-1297
1177	12	8	18	-1309
1178	12	8	18	-1321
1179	12	8	18	-1333
1180	12	8	18	-1345
1181	12	8	18	-1357
1182	12	8	18	-1369
1183	12	8	18	-1381
1184	12	8	18	-1393
1185	12	8	18	-1405
1186	12	8	18	-1417
1187	12	8	18	-1429
1188	12	8	18	-1441
1189	12	8	18	-1453
1190	12	8	18	-1465
1191	12	8	18	-1477
1192	12	8	18	-1489
1193	12	8	18	-1501
1194	12	8	18	-1513
1195	12	8	18	-1525
1196	12	8	18	-1537
1197	12	8	18	-1549
1198	12	8	18	-1561
1199	12	8	19	-573
1200	12	8	19	-585
1201	12	8	19	-597
1202	12	8	19	-609
1203	12	8	19	-621
1204	12	8	19	-633
1205	12	8	19	-645
1206	12	8	19	-657
1207	12	8	19	-669
1208	12	8	19	-681
1209	12	8	19	-693
1210	12	8	19	-705
1211	12	8	19	-717
1212	12	8	19	-729
1213	12	8	20	259
1214	12	8	20	247
1215	12	8	20	235
1216	12	8	20	223
1217	12	8	20	211
1218	12	8	20	199
1219	12	8	20	187
1220	12	8	20	175
1221	12	8	20	163
1222	12	8	20	151
1223	12	8	20	139
1224	12	8	20	127
1225	12	8	20	115
1226	12	8	20	103
1227	12	8	20	91
1228	12	8	20	79
1229	12	8	20	67
1230	12	8	20	55
1231	12	8	20	43
1232	12	8	20	31
1233	12	8	20	19
1234	12	8	20	7
1235	12	8	20	-5
1236	12	8	20	-17
1237	12	8	20	-29
1238	12	8	20	-41
1239	12	8	20	-53
1240	12	8	20	-65
1241	12	8	20	-77
1242	12	8	20	-89
1243	12	8	20	-101
1244	12	8	20	-113
1245	12	8	20	-125
1246	12	8	20	-137
1247	12	8	20	-149
1248	12	8	20	-161
1249	12	8	20	-173
1250	12	8	20	-185
1251	12	8	20	-197
1252	12	8	20	-209
1253	12	8	20	-221
1254	12	8	20	-233
1255	12	8	20	-245
1256	12	8	20	-257
1257	12	8	20	-269
1258	11	9	20	-280
1259	11	9	20	-291
1260	11	9	20	-302
1261	11	9	20	-313
1262	11	9	20	-324
1263	11	9	20	-335
1264	11	9	20	-346
1265	11	9	20	-357
1266	11	9	20	-368
1267	11	9	20	-379
1268	11	9	20	-390
1269	11	9	20	-401
1270	11	9	21	588
1271	10	10	21	578
1272	10	10	21	568
1273	10	10	21	558
1274	10	10	21	548
1275	10	10	21	538
1276	10	10	21	528
1277	10	10	21	518
1278	10	10	21	508
1279	10	10	21	498
1280	10	10	21	488
1281	10	10	21	478
1282	10	10	21	468
1283	10	10	21	458
1284	10	10	21	448
1285	10	10	21	438
1286	10	10	21	428
1287	10	10	21	418
1288	10	10	21	408
1289	10	10	21	398
1290	10	10	21	388
1291	10	10	21	378
1292	10	10	21	368
1293	11	9	21	357
1294	11	9	21	346
1295	11	9	21	335
1296	11	9	21	324
1297	11	9	21	313
1298	11	9	21	302
1299	11	9	21	291
1300	11	9	21	280
1301	11	9	21	269
1302	11	9	21	258
1303	11	9	21	247
1304	11	9	21	236
1305	11	9	21	225
1306	11	9	21	214
1307	11	9	22	1203
1308	11	9	22	1192
1309	11	9	22	1181
1310	11	9	22	1170
1311	11	9	22	1159
1312	12	8	22	1147
1313	12	8	22	1135
1314	12	8	22	1123
1315	12	8	22	1111
1316	12	8	22	1099
1317	12	8	22	1087
1318	12	8	22	1075
1319	12	8	22	1063
1320	12	8	22	1051
1321	12	8	22	1039
1322	12	8	22	1027
1323	12	8	22	1015
1324	12	8	22	1003
1325	12	8	22	991
1326	12	8	22	979
1327	12	8	22	967
1328	11	9	22	956
1329	11	9	22	945
1330	11	9	22	934
1331	11	9	22	923
1332	11	9	22	912
1333	11	9	22	901
1334	11	9	22	890
1335	11	9	22	879
1336	11	9	22	868
1337	12	8	22	856
1338	12	8	22	844
1339	12	8	22	832
1340	12	8	22	820
1341	12	8	22	808
1342	12	8	22	796
1343	12	8	22	784
1344	12	8	22	772
1345	13	7	22	759
1346	13	7	22	746
1347	13	7	22	733
1348	13	7	22	720
1349	13	7	22	707
1350	13	7	22	694
1351	13	7	22	681
1352	13	7	22	668
1353	13	7	22	655
1354	13	7	22	642
1355	13	7	22	629
1356	13	7	22	616
1357	13	7	22	603
1358	13	7	22	590
1359	13	7	22	577
1360	13	7	22	564
1361	13	7	22	551
1362	13	7	22	538
1363	13	7	22	525
1364	13	7	22	512
1365	13	7	22	499
1366	13	7	22	486
1367	13	7	22	473
1368	13	7	22	460
1369	13	7	22	447
1370	14	6	22	433
1371	14	6	22	419
1372	14	6	22	405
1373	14	6	22	391
1374	14	6	22	377
1375	14	6	22	363
1376	14	6	22	349
1377	13	7	22	336
1378	13	7	22	323
1379	13	7	22	310
1380	13	7	22	297
1381	13	7	22	284
1382	13	7	22	271
1383	13	7	22	258
1384	13	7	22	245
1385	13	7	22	232
1386	13	7	22	219
1387	13	7	22	206
1388	13	7	22	193
1389	13	7	22	180
1390	14	6	22	166
1391	14	6	22	152
1392	14	6	22	138
1393	14	6	22	124
1394	14	6	22	110
1395	14	6	22	96
1396	14	6	22	82
1397	14	6	22	68
1398	14	6	22	54
1399	14	6	22	40
1400	14	6	22	26
1401	14	6	22	12
1402	14	6	22	-2
1403	14	6	22	-16
1404	14	6	22	-30
1405	14	6	22	-44
1406	14	6	22	-58
1407	14	6	22	-72
1408	14	6	22	-86
1409	14	6	22	-100
1410	14	6	22	-114
1411	13	7	22	-127
1412	13	7	22	-140
1413	13	7	22	-153
1414	13	7	22	-166
1415	13	7	22	-179
1416	13	7	22	-192
1417	13	7	22	-205
1418	13	7	22	-218
1419	13	7	22	-231
1420	13	7	22	-244
1421	13	7	22	-257
1422	13	7	22	-270
1423	13	7	22	-283
1424	13	7	22	-296
1425	13	7	22	-309
1426	13	7	22	-322
1427	13	7	22	-335
1428	13	7	22	-348
1429	13	7	22	-361
1430	13	7	22	-374
1431	13	7	22	-387
1432	13	7	22	-400
1433	13	7	22	-413
1434	13	7	22	-426
1435	13	7	22	-439
1436	13	7	22	-452
1437	13	7	22	-465
1438	13	7	22	-478
1439	14	6	22	-492
1440	14	6	22	-506
1441	14	6	22	-520
1442	14	6	22	-534
1443	14	6	22	-548
1444	14	6	22	-562
1445	14	6	22	-576
1446	14	6	22	-590
1447	14	6	22	-604
1448	14	6	22	-618
1449	14	6	22	-632
1450	14	6	22	-646
1451	14	6	22	-660
1452	15	5	22	-675
1453	15	5	22	-690
1454	15	5	22	-705
1455	15	5	22	-720
1456	15	5	22	-735
1457	15	5	22	-750
1458	15	5	22	-765
1459	15	5	22	-780
1460	15	5	23	205
1461	15	5	23	190
1462	15	5	23	175
1463	15	5	23	160
1464	15	5	23	145
1465	15	5	23	130
1466	15	5	23	115
1467	15	5	23	100
1468	15	5	23	85
1469	16	4	23	69
1470	16	4	23	53
1471	16	4	23	37
1472	16	4	23	21
1473	16	4	23	5
1474	16	4	23	-11
1475	16	4	23	-27
1476	16	4	23	-43
1477	16	4	23	-59
1478	16	4	23	-75
1479	16	4	23	-91
1480	16	4	23	-107
1481	16	4	23	-123
1482	16	4	23	-139
1483	16	4	23	-155
1484	16	4	23	-171
1485	16	4	23	-187
1486	16	4	23	-203
1487	16	4	23	-219
1488	16	4	23	-235
1489	16	4	23	-251
1490	16	4	23	-267
1491	16	4	23	-283
1492	16	4	23	-299
1493	16	4	23	-315
1494	16	4	23	-331
1495	16	4	23	-347
1496	16	4	23	-363
1497	16	4	23	-379
1498	16	4	23	-395
1499	16	4	23	-411
1500	16	4	23	-427
1501	16	4	23	-443
1502	16	4	23	-459
1503	16	4	23	-475
1504	16	4	23	-491
1505	16	4	23	-507
1506	16	4	23	-523
1507	16	4	23	-539
1508	16	4	23	-555
1509	16	4	23	-571
1510	16	4	23	-587
1511	16	4	23	-603
1512	16	4	23	-619
1513	16	4	23	-635
1514	16	4	23	-651
1515	16	4	23	-667
1516	16	4	23	-683
1517	16	4	24	301
1518	16	4	24	285
1519	16	4	24	269
1520	16	4	24	253
1521	15	5	24	238
1522	14	6	24	224
1523	14	6	24	210
1524	14	6	24	196
1525	14	6	24	182
1526	14	6	24	168
1527	14	6	24	154
1528	14	6	24	140
1529	14	6	24	126
1530	14	6	24	112
1531	14	6	24	98
1532	14	6	24	84
1533	14	6	24	70
1534	14	6	24	56
1535	14	6	24	42
1536	14	6	24	28
1537	14	6	24	14
1538	14	6	24	0
1539	14	6	24	-14
1540	14	6	24	-28
1541	14	6	24	-42
1542	15	5	24	-57
1543	15	5	24	-72
1544	15	5	24	-87
1545	15	5	24	-102
1546	15	5	24	-117
1547	15	5	24	-132
1548	15	5	24	-147
1549	15	5	24	-162
1550	15	5	24	-177
1551	15	5	24	-192
1552	15	5	24	-207
1553	15	5	24	-222
1554	15	5	24	-237
1555	15	5	24	-252
1556	15	5	25	733
1557	15	5	25	718
1558	15	5	26	1703
1559	15	5	26	1688
1560	15	5	26	1673
1561	15	5	26	1658
1562	15	5	26	1643
1563	15	5	26	1628
1564	15	5	26	1613
1565	15	5	26	1598
1566	15	5	26	1583
1567	15	5	26	1568
1568	15	5	26	1553
1569	15	5	26	1538
1570	15	5	26	1523
1571	15	5	26	1508
1572	15	5	26	1493
1573	15	5	26	1478
1574	14	6	26	1464
1575	14	6	26	1450
1576	14	6	26	1436
1577	14	6	26	1422
1578	14	6	26	1408
1579	14	6	26	1394
1580	14	6	26	1380
1581	14	6	26	1366
1582	14	6	26	1352
1583	14	6	26	1338
1584	14	6	26	1324
1585	14	6	26	1310
1586	14	6	26	1296
1587	14	6	26	1282
1588	14	6	26	1268
1589	13	7	27	2255
1590	13	7	27	2242
1591	13	7	27	2229
1592	13	7	27	2216
1593	13	7	27	2203
1594	13	7	27	2190
1595	13	7	27	2177
1596	13	7	27	2164
1597	13	7	27	2151
1598	13	7	27	2138
1599	13	7	27	2125
1600	13	7	27	2112
1601	13	7	27	2099
1602	13	7	27	2086
1603	13	7	28	3073
1604	13	7	28	3060
1605	13	7	28	3047
1606	13	7	28	3034
1607	13	7	28	3021
1608	13	7	28	3008
1609	13	7	28	2995
1610	13	7	28	2982
1611	13	7	28	2969
1612	13	7	28	2956
1613	13	7	28	2943
1614	13	7	28	2930
1615	12	8	28	2918
1616	11	9	28	2907
1617	11	9	28	2896
1618	11	9	28	2885
1619	11	9	28	2874
1620	11	9	28	2863
1621	11	9	28	2852
1622	11	9	28	2841
1623	11	9	28	2830
1624	11	9	28	2819
1625	11	9	28	2808
1626	11	9	28	2797
1627	11	9	28	2786
1628	11	9	28	2775
1629	11	9	28	2764
1630	11	9	28	2753
1631	11	9	28	2742
1632	11	9	28	2731
1633	11	9	28	2720
1634	11	9	28	2709
1635	11	9	28	2698
1636	11	9	28	2687
1637	11	9	28	2676
1638	11	9	28	2665
1639	11	9	28	2654
1640	11	9	28	2643
1641	11	9	28	2632
1642	11	9	28	2621
1643	11	9	28	2610
1644	11	9	28	2599
1645	11	9	28	2588
1646	11	9	28	2577
1647	10	10	28	2567
1648	10	10	28	2557
1649	10	10	28	2547
1650	10	10	28	2537
1651	10	10	28	2527
1652	10	10	28	2517
1653	10	10	28	2507
1654	10	10	28	2497
1655	10	10	28	2487
1656	10	10	28	2477
1657	11	9	28	2466
1658	11	9	28	2455
1659	11	9	28	2444
1660	11	9	28	2433
1661	11	9	28	2422
1662	11	9	28	2411
1663	11	9	28	2400
1664	11	9	28	2389
1665	11	9	28	2378
1666	11	9	28	2367
1667	11	9	28	2356
1668	11	9	28	2345
1669	11	9	28	2334
1670	11	9	28	2323
1671	11	9	28	2312
1672	11	9	28	2301
1673	11	9	28	2290
1674	11	9	28	2279
1675	11	9	28	2268
1676	11	9	28	2257
1677	11	9	28	2246
1678	11	9	28	2235
1679	11	9	28	2224
1680	11	9	28	2213
1681	11	9	28	2202
1682	11	9	28	2191
1683	11	9	28	2180
1684	11	9	28	2169
1685	11	9	28	2158
1686	12	8	28	2146
1687	13	7	28	2133
1688	13	7	28	2120
1689	13	7	28	2107
1690	13	7	28	2094
1691	13	7	28	2081
1692	13	7	28	2068
1693	13	7	28	2055
1694	13	7	28	2042
1695	13	7	28	2029
1696	13	7	28	2016
1697	13	7	28	2003
1698	13	7	28	1990
1699	13	7	28	1977
1700	14	6	28	1963
1701	14	6	28	1949
1702	14	6	28	1935
1703	14	6	28	1921
1704	14	6	28	1907
1705	14	6	28	1893
1706	14	6	28	1879
1707	15	5	28	1864
1708	15	5	28	1849
1709	15	5	28	1834
1710	15	5	28	1819
1711	15	5	28	1804
1712	15	5	28	1789
1713	15	5	28	1774
1714	15	5	28	1759
1715	15	5	28	1744
1716	15	5	28	1729
1717	15	5	28	1714
1718	14	6	28	1700
1719	14	6	28	1686
1720	14	6	28	1672
1721	14	6	28	1658
1722	14	6	28	1644
1723	14	6	28	1630
1724	14	6	28	1616
1725	14	6	28	1602
1726	14	6	28	1588
1727	14	6	28	1574
1728	14	6	28	1560
1729	14	6	28	1546
1730	14	6	28	1532
1731	14	6	28	1518
1732	14	6	28	1504
1733	14	6	28	1490
1734	14	6	28	1476
1735	14	6	28	1462
1736	14	6	28	1448
1737	14	6	28	1434
1738	14	6	28	1420
1739	14	6	28	1406
1740	15	5	28	1391
1741	15	5	28	1376
1742	15	5	28	1361
1743	15	5	28	1346
1744	15	5	28	1331
1745	15	5	28	1316
1746	15	5	28	1301
1747	15	5	28	1286
1748	15	5	28	1271
1749	15	5	28	1256
1750	15	5	28	1241
1751	15	5	28	1226
1752	15	5	28	1211
1753	15	5	28	1196
1754	15	5	28	1181
1755	16	4	28	1165
1756	16	4	28	1149
1757	16	4	28	1133
1758	16	4	28	1117
1759	16	4	28	1101
1760	16	4	28	1085
1761	16	4	28	1069
1762	16	4	28	1053
1763	16	4	28	1037
1764	16	4	28	1021
1765	16	4	28	1005
1766	16	4	28	989
1767	16	4	28	973
1768	16	4	28	957
1769	16	4	28	941
1770	16	4	28	925
1771	16	4	28	909
1772	16	4	28	893
1773	16	4	28	877
1774	16	4	28	861
1775	16	4	28	845
1776	16	4	28	829
1777	16	4	28	813
1778	16	4	28	797
1779	16	4	28	781
1780	16	4	28	765
1781	16	4	28	749
1782	16	4	28	733
1783	16	4	28	717
1784	16	4	28	701
1785	16	4	28	685
1786	16	4	28	669
1787	16	4	28	653
1788	16	4	28	637
1789	16	4	28	621
1790	16	4	28	605
1791	16	4	28	589
1792	16	4	28	573
1793	16	4	28	557
1794	16	4	28	541
1795	16	4	28	525
1796	16	4	28	509
1797	16	4	28	493
1798	16	4	28	477
1799	16	4	28	461
1800	16	4	28	445
1801	16	4	28	429
1802	16	4	28	413
1803	16	4	28	397
1804	16	4	28	381
1805	16	4	28	365
1806	16	4	28	349
1807	16	4	28	333
1808	16	4	28	317
1809	16	4	28	301
1810	16	4	28	285
1811	16	4	28	269
1812	16	4	28	253
1813	16	4	28	237
1814	16	4	28	221
1815	16	4	28	205
1816	16	4	28	189
1817	16	4	28	173
1818	16	4	28	157
1819	16	4	28	141
1820	16	4	28	125
1821	16	4	28	109
1822	16	4	28	93
1823	16	4	28	77
1824	16	4	28	61
1825	16	4	28	45
1826	16	4	28	29
1827	16	4	28	13
1828	16	4	28	-3
1829	16	4	28	-19
1830	16	4	28	-35
1831	16	4	28	-51
1832	16	4	28	-67
1833	16	4	28	-83
1834	16	4	28	-99
1835	16	4	28	-115
1836	16	4	28	-131
1837	16	4	28	-147
1838	16	4	28	-163
1839	16	4	28	-179
1840	16	4	28	-195
1841	16	4	28	-211
1842	16	4	28	-227
1843	16	4	28	-243
1844	16	4	28	-259
1845	16	4	28	-275
1846	16	4	28	-291
1847	16	4	28	-307
1848	16	4	28	-323
1849	16	4	28	-339
1850	16	4	28	-355
1851	16	4	28	-371
1852	16	4	28	-387
1853	16	4	28	-403
1854	16	4	28	-419
1855	16	4	28	-435
1856	16	4	28	-451
1857	16	4	28	-467
1858	16	4	28	-483
1859	16	4	28	-499
1860	16	4	28	-515
1861	16	4	28	-531
1862	16	4	28	-547
1863	16	4	28	-563
1864	16	4	28	-579
1865	16	4	28	-595
1866	16	4	28	-611
1867	16	4	28	-627
1868	16	4	28	-643
1869	16	4	28	-659
1870	16	4	28	-675
1871	16	4	28	-691
1872	16	4	28	-707
1873	16	4	28	-723
1874	16	4	28	-739
1875	16	4	28	-755
1876	16	4	28	-771
1877	16	4	28	-787
1878	16	4	28	-803
1879	16	4	28	-819
1880	16	4	28	-835
1881	16	4	28	-851
1882	16	4	28	-867
1883	16	4	28	-883
1884	16	4	28	-899
1885	16	4	28	-915
1886	16	4	28	-931
1887	16	4	28	-947
1888	16	4	28	-963
1889	16	4	28	-979
1890	16	4	28	-995
1891	16	4	28	-1011
1892	16	4	28	-1027
1893	16	4	28	-1043
1894	16	4	28	-1059
1895	16	4	28	-1075
1896	16	4	28	-1091
1897	16	4	28	-1107
1898	16	4	28	-1123
1899	16	4	28	-1139
1900	16	4	28	-1155
1901	16	4	28	-1171
1902	16	4	28	-1187
1903	16	4	28	-1203
1904	16	4	28	-1219
1905	16	4	28	-1235
1906	16	4	28	-1251
1907	16	4	28	-1267
1908	16	4	28	-1283
1909	16	4	28	-1299
1910	16	4	28	-1315
1911	16	4	28	-1331
1912	16	4	28	-1347
1913	16	4	28	-1363
1914	16	4	28	-1379
1915	16	4	28	-1395
1916	16	4	28	-1411
1917	16	4	28	-1427
1918	16	4	28	-1443
1919	16	4	28	-1459
1920	16	4	28	-1475
1921	16	4	28	-1491
1922	16	4	28	-1507
1923	16	4	28	-1523
1924	16	4	28	-1539
1925	16	4	28	-1555
1926	16	4	28	-1571
1927	16	4	28	-1587
1928	16	4	28	-1603
1929	16	4	28	-1619
1930	16	4	28	-1635
1931	16	4	28	-1651
1932	16	4	28	-1667
1933	16	4	28	-1683
1934	16	4	28	-1699
1935	16	4	28	-1715
1936	16	4	28	-1731
1937	16	4	28	-1747
1938	16	4	28	-1763
1939	16	4	28	-1779
1940	16	4	28	-1795
1941	16	4	28	-1811
1942	16	4	28	-1827
1943	16	4	28	-1843
1944	16	4	28	-1859
1945	16	4	28	-1875
1946	16	4	28	-1891
1947	16	4	28	-1907
1948	16	4	28	-1923
1949	16	4	28	-1939
1950	16	4	28	-1955
1951	16	4	28	-1971
1952	16	4	28	-1987
1953	16	4	28	-2003
1954	16	4	28	-2019
1955	16	4	28	-2035
1956	16	4	28	-2051
1957	16	4	28	-2067
1958	16	4	28	-2083
1959	16	4	28	-2099
1960	16	4	28	-2115
1961	16	4	28	-2131
1962	16	4	28	-2147
1963	16	4	28	-2163
1964	16	4	28	-2179
1965	16	4	28	-2195
1966	16	4	28	-2211
1967	16	4	28	-2227
1968	16	4	28	-2243
1969	16	4	28	-2259
1970	16	4	28	-2275
1971	16	4	28	-2291
1972	16	4	28	-2307
1973	16	4	28	-2323
1974	16	4	28	-2339
1975	16	4	28	-2355
1976	16	4	28	-2371
1977	16	4	28	-2387
1978	16	4	28	-2403
1979	16	4	28	-2419
1980	16	4	28	-2435
1981	16	4	28	-2451
1982	16	4	28	-2467
1983	16	4	28	-2483
1984	16	4	28	-2499
1985	16	4	28	-2515
1986	16	4	28	-2531
1987	16	4	28	-2547
1988	16	4	28	-2563
1989	16	4	28	-2579
1990	16	4	28	-2595
1991	16	4	28	-2611
1992	16	4	28	-2627
1993	16	4	28	-2643
1994	16	4	28	-2659
1995	16	4	28	-2675
1996	16	4	28	-2691
1997	16	4	28	-2707
1998	16	4	28	-2723
1999	16	4	28	-2739
2000	16	4	28	-2755
2001	16	4	28	-2771
2002	16	4	28	-2787
2003	16	4	28	-2803
2004	16	4	28	-2819
2005	16	4	28	-2835
2006	16	4	28	-2851
2007	16	4	28	-2867
2008	16	4	28	-2883
2009	16	4	28	-2899
2010	16	4	28	-2915
2011	16	4	28	-2931
2012	16	4	28	-2947
2013	16	4	28	-2963
2014	16	4	28	-2979
2015	16	4	28	-2995
2016	16	4	28	-3011
2017	16	4	28	-3027
2018	16	4	28	-3043
2019	16	4	28	-3059
2020	16	4	28	-3075
2021	16	4	28	-3091
2022	16	4	28	-3107
2023	16	4	28	-3123
2024	16	4	28	-3139
2025	16	4	28	-3155
2026	16	4	28	-3171
2027	16	4	28	-3187
2028	16	4	28	-3203
2029	16	4	28	-3219
2030	16	4	28	-3235
2031	16	4	28	-3251
2032	16	4	28	-3267
2033	16	4	28	-3283
2034	16	4	28	-3299
2035	16	4	28	-3315
2036	16	4	28	-3331
2037	16	4	28	-3347
2038	16	4	28	-3363
2039	16	4	28	-3379
2040	16	4	28	-3395
2041	16	4	28	-3411
2042	16	4	28	-3427
2043	16	4	28	-3443
2044	16	4	28	-3459
2045	16	4	28	-3475
2046	16	4	28	-3491
2047	16	4	28	-3507
2048	16	4	28	-3523
2049	16	4	28	-3539
2050	16	4	28	-3555
2051	16	4	28	-3571
2052	16	4	28	-3587
2053	16	4	28	-3603
2054	16	4	28	-3619
2055	16	4	28	-3635
2056	16	4	28	-3651
2057	16	4	28	-3667
2058	16	4	28	-3683
2059	16	4	28	-3699
2060	16	4	28	-3715
2061	16	4	28	-3731
2062	16	4	28	-3747
2063	16	4	28	-3763
2064	16	4	28	-3779
2065	16	4	28	-3795
2066	16	4	28	-3811
2067	16	4	28	-3827
2068	16	4	28	-3843
2069	16	4	28	-3859
2070	16	4	28	-3875
2071	16	4	28	-3891
2072	16	4	28	-3907
2073	16	4	28	-3923
2074	16	4	28	-3939
2075	16	4	28	-3955
2076	16	4	28	-3971
2077	16	4	28	-3987
2078	16	4	28	-4003
2079	16	4	28	-4019
2080	16	4	28	-4035
2081	16	4	28	-4051
2082	16	4	28	-4067
2083	16	4	28	-4083
2084	16	4	28	-4099
2085	16	4	28	-4115
2086	16	4	28	-4131
2087	16	4	28	-4147
2088	16	4	28	-4163
2089	16	4	28	-4179
2090	16	4	28	-4195
2091	16	4	28	-4211
2092	16	4	28	-4227
2093	15	5	28	-4242
2094	15	5	28	-4257
2095	15	5	28	-4272
2096	15	5	28	-4287
2097	15	5	28	-4302
2098	15	5	28	-4317
2099	15	5	28	-4332
2100	15	5	28	-4347
2101	14	6	28	-4361
2102	14	6	28	-4375
2103	14	6	28	-4389
2104	14	6	28	-4403
2105	14	6	28	-4417
2106	14	6	28	-4431
2107	14	6	28	-4445
2108	14	6	28	-4459
2109	14	6	28	-4473
2110	14	6	28	-4487
2111	14	6	28	-4501
2112	14	6	28	-4515
2113	14	6	28	-4529
2114	14	6	28	-4543
2115	14	6	28	-4557
2116	14	6	28	-4571
2117	14	6	28	-4585
2118	14	6	28	-4599
2119	14	6	28	-4613
2120	14	6	28	-4627
2121	14	6	28	-4641
2122	14	6	28	-4655
2123	14	6	28	-4669
2124	14	6	28	-4683
2125	14	6	28	-4697
2126	14	6	28	-4711
2127	14	6	28	-4725
2128	14	6	28	-4739
2129	14	6	28	-4753
2130	14	6	28	-4767
2131	14	6	28	-4781
2132	14	6	28	-4795
2133	14	6	28	-4809
2134	14	6	28	-4823
2135	14	6	28	-4837
2136	14	6	28	-4851
2137	14	6	28	-4865
2138	14	6	28	-4879
2139	14	6	28	-4893
2140	14	6	28	-4907
2141	14	6	28	-4921
2142	14	6	28	-4935
2143	14	6	28	-4949
2144	14	6	28	-4963
2145	14	6	28	-4977
2146	14	6	28	-4991
2147	14	6	28	-5005
2148	14	6	28	-5019
2149	14	6	28	-5033
2150	14	6	28	-5047
2151	14	6	28	-5061
2152	14	6	28	-5075
2153	14	6	28	-5089
2154	14	6	28	-5103
2155	14	6	28	-5117
2156	14	6	28	-5131
2157	14	6	28	-5145
2158	14	6	28	-5159
2159	14	6	28	-5173
2160	14	6	28	-5187
2161	14	6	28	-5201
2162	14	6	28	-5215
2163	14	6	28	-5229
2164	14	6	28	-5243
2165	14	6	28	-5257
2166	14	6	28	-5271
2167	14	6	28	-5285
2168	14	6	28	-5299
2169	14	6	28	-5313
2170	14	6	28	-5327
2171	14	6	28	-5341
2172	14	6	28	-5355
2173	14	6	29	-4369
2174	14	6	29	-4383
2175	14	6	29	-4397
2176	14	6	29	-4411
2177	14	6	29	-4425
2178	14	6	29	-4439
2179	14	6	29	-4453
2180	14	6	29	-4467
2181	14	6	29	-4481
2182	14	6	29	-4495
2183	14	6	29	-4509
2184	14	6	29	-4523
2185	14	6	30	-3537
2186	14	6	30	-3551
2187	14	6	30	-3565
2188	14	6	30	-3579
2189	14	6	30	-3593
2190	14	6	30	-3607
2191	14	6	30	-3621
2192	14	6	31	-2635
2193	14	6	31	-2649
2194	14	6	32	-1663
2195	14	6	32	-1677
2196	14	6	32	-1691
2197	14	6	32	-1705
2198	14	6	32	-1719
2199	14	6	32	-1733
2200	14	6	32	-1747
2201	14	6	32	-1761
2202	14	6	32	-1775
2203	14	6	32	-1789
2204	14	6	32	-1803
2205	14	6	32	-1817
2206	14	6	32	-1831
2207	14	6	32	-1845
2208	14	6	32	-1859
2209	14	6	32	-1873
2210	14	6	32	-1887
2211	14	6	32	-1901
2212	14	6	32	-1915
2213	14	6	32	-1929
2214	14	6	32	-1943
2215	14	6	32	-1957
2216	14	6	32	-1971
2217	14	6	32	-1985
2218	14	6	32	-1999
2219	14	6	32	-2013
2220	14	6	32	-2027
2221	14	6	32	-2041
2222	14	6	32	-2055
2223	14	6	32	-2069
2224	13	7	32	-2082
2225	13	7	32	-2095
2226	13	7	32	-2108
2227	13	7	32	-2121
2228	13	7	32	-2134
2229	13	7	32	-2147
2230	13	7	33	-1160
2231	12	8	33	-1172
2232	12	8	33	-1184
2233	12	8	33	-1196
2234	12	8	33	-1208
2235	12	8	33	-1220
2236	12	8	33	-1232
2237	12	8	33	-1244
2238	12	8	33	-1256
2239	12	8	33	-1268
2240	12	8	33	-1280
2241	12	8	33	-1292
2242	12	8	33	-1304
2243	11	9	33	-1315
2244	11	9	33	-1326
2245	11	9	33	-1337
2246	11	9	33	-1348
2247	11	9	33	-1359
2248	11	9	33	-1370
2249	11	9	33	-1381
2250	11	9	33	-1392
2251	10	10	33	-1402
2252	9	11	33	-1411
2253	9	11	33	-1420
2254	9	11	33	-1429
2255	8	12	33	-1437
2256	8	12	33	-1445
2257	8	12	33	-1453
2258	8	12	33	-1461
2259	8	12	33	-1469
2260	8	12	33	-1477
2261	8	12	33	-1485
2262	8	12	33	-1493
2263	8	12	33	-1501
2264	8	12	33	-1509
2265	8	12	33	-1517
2266	8	12	33	-1525
2267	8	12	33	-1533
2268	8	12	33	-1541
2269	8	12	33	-1549
2270	8	12	33	-1557
2271	8	12	33	-1565
2272	8	12	33	-1573
2273	8	12	33	-1581
2274	8	12	33	-1589
2275	8	12	33	-1597
2276	8	12	33	-1605
2277	8	12	33	-1613
2278	8	12	33	-1621
2279	7	13	33	-1628
2280	7	13	33	-1635
2281	7	13	33	-1642
2282	7	13	33	-1649
2283	7	13	33	-1656
2284	7	13	33	-1663
2285	7	13	33	-1670
2286	7	13	33	-1677
2287	7	13	33	-1684
2288	7	13	33	-1691
2289	7	13	33	-1698
2290	7	13	33	-1705
2291	6	14	33	-1711
2292	6	14	33	-1717
2293	6	14	33	-1723
2294	6	14	33	-1729
2295	6	14	33	-1735
2296	6	14	33	-1741
2297	6	14	33	-1747
2298	6	14	33	-1753
2299	6	14	33	-1759
2300	6	14	33	-1765
2301	6	14	33	-1771
2302	6	14	33	-1777
2303	6	14	33	-1783
2304	6	14	33	-1789
2305	6	14	33	-1795
2306	6	14	33	-1801
2307	6	14	33	-1807
2308	6	14	33	-1813
2309	6	14	33	-1819
2310	6	14	33	-1825
2311	5	15	33	-1830
2312	5	15	33	-1835
2313	5	15	33	-1840
2314	5	15	33	-1845
2315	5	15	33	-1850
2316	5	15	33	-1855
2317	5	15	33	-1860
2318	5	15	33	-1865
2319	5	15	33	-1870
2320	5	15	33	-1875
2321	5	15	33	-1880
2322	5	15	33	-1885
2323	5	15	33	-1890
2324	5	15	33	-1895
2325	5	15	33	-1900
2326	5	15	33	-1905
2327	6	14	33	-1911
2328	6	14	33	-1917
2329	6	14	33	-1923
2330	6	14	33	-1929
2331	6	14	33	-1935
2332	6	14	33	-1941
2333	6	14	33	-1947
2334	6	14	33	-1953
2335	6	14	33	-1959
2336	6	14	33	-1965
2337	6	14	33	-1971
2338	6	14	33	-1977
2339	6	14	33	-1983
2340	6	14	33	-1989
2341	6	14	33	-1995
2342	6	14	33	-2001
2343	6	14	33	-2007
2344	6	14	33	-2013
2345	6	14	33	-2019
2346	6	14	33	-2025
2347	6	14	33	-2031
2348	6	14	33	-2037
2349	6	14	33	-2043
2350	6	14	33	-2049
2351	6	14	33	-2055
2352	6	14	34	-1061
2353	6	14	34	-1067
2354	7	13	34	-1074
2355	7	13	34	-1081
2356	7	13	34	-1088
2357	7	13	34	-1095
2358	8	12	34	-1103
2359	8	12	34	-1111
2360	8	12	34	-1119
2361	8	12	34	-1127
2362	8	12	34	-1135
2363	8	12	34	-1143
2364	7	13	34	-1150
2365	7	13	34	-1157
2366	8	12	34	-1165
2367	8	12	34	-1173
2368	8	12	34	-1181
2369	9	11	34	-1190
2370	9	11	34	-1199
2371	9	11	34	-1208
2372	9	11	34	-1217
2373	9	11	34	-1226
2374	9	11	34	-1235
2375	9	11	34	-1244
2376	9	11	34	-1253
2377	9	11	34	-1262
2378	9	11	34	-1271
2379	9	11	34	-1280
2380	9	11	34	-1289
2381	9	11	34	-1298
2382	9	11	34	-1307
2383	9	11	34	-1316
2384	9	11	34	-1325
2385	9	11	34	-1334
2386	9	11	34	-1343
2387	9	11	34	-1352
2388	9	11	34	-1361
2389	9	11	34	-1370
2390	9	11	34	-1379
2391	9	11	34	-1388
2392	9	11	34	-1397
2393	9	11	34	-1406
2394	9	11	34	-1415
2395	9	11	34	-1424
2396	10	10	34	-1434
2397	10	10	34	-1444
2398	10	10	34	-1454
2399	10	10	34	-1464
2400	10	10	34	-1474
2401	10	10	34	-1484
2402	10	10	34	-1494
2403	10	10	34	-1504
2404	10	10	34	-1514
2405	10	10	34	-1524
2406	10	10	34	-1534
2407	10	10	34	-1544
2408	10	10	34	-1554
2409	10	10	34	-1564
2410	10	10	34	-1574
2411	10	10	34	-1584
2412	10	10	34	-1594
2413	10	10	34	-1604
2414	10	10	34	-1614
2415	10	10	34	-1624
2416	9	11	34	-1633
2417	9	11	34	-1642
2418	9	11	34	-1651
2419	9	11	34	-1660
2420	9	11	34	-1669
2421	9	11	34	-1678
2422	9	11	34	-1687
2423	9	11	34	-1696
2424	9	11	34	-1705
2425	9	11	34	-1714
2426	9	11	34	-1723
2427	9	11	34	-1732
2428	9	11	34	-1741
2429	9	11	34	-1750
2430	9	11	34	-1759
2431	10	10	34	-1769
2432	10	10	34	-1779
2433	10	10	34	-1789
2434	10	10	34	-1799
2435	10	10	34	-1809
2436	10	10	34	-1819
2437	10	10	34	-1829
2438	10	10	34	-1839
2439	10	10	34	-1849
2440	10	10	34	-1859
2441	10	10	34	-1869
2442	10	10	34	-1879
2443	10	10	34	-1889
2444	10	10	34	-1899
2445	10	10	34	-1909
2446	10	10	34	-1919
2447	11	9	34	-1930
2448	11	9	34	-1941
2449	11	9	34	-1952
2450	11	9	34	-1963
2451	11	9	34	-1974
2452	11	9	34	-1985
2453	11	9	34	-1996
2454	11	9	34	-2007
2455	11	9	34	-2018
2456	11	9	34	-2029
2457	11	9	34	-2040
2458	11	9	34	-2051
2459	11	9	34	-2062
2460	11	9	34	-2073
2461	11	9	34	-2084
2462	11	9	34	-2095
2463	11	9	34	-2106
2464	12	8	34	-2118
2465	12	8	34	-2130
2466	12	8	34	-2142
2467	12	8	34	-2154
2468	12	8	34	-2166
2469	12	8	34	-2178
2470	12	8	34	-2190
2471	12	8	34	-2202
2472	12	8	34	-2214
2473	12	8	34	-2226
2474	12	8	35	-1238
2475	12	8	35	-1250
2476	12	8	35	-1262
2477	12	8	35	-1274
2478	12	8	35	-1286
2479	13	7	35	-1299
2480	13	7	35	-1312
2481	13	7	35	-1325
2482	13	7	35	-1338
2483	13	7	35	-1351
2484	13	7	35	-1364
2485	13	7	35	-1377
2486	13	7	35	-1390
2487	13	7	35	-1403
2488	13	7	35	-1416
2489	13	7	35	-1429
2490	13	7	35	-1442
2491	13	7	35	-1455
2492	13	7	35	-1468
2493	13	7	35	-1481
2494	14	6	35	-1495
2495	14	6	35	-1509
2496	14	6	35	-1523
2497	14	6	35	-1537
2498	14	6	35	-1551
2499	14	6	35	-1565
2500	14	6	35	-1579
2501	14	6	35	-1593
2502	14	6	35	-1607
2503	14	6	35	-1621
2504	14	6	35	-1635
2505	14	6	35	-1649
2506	14	6	35	-1663
2507	14	6	35	-1677
2508	14	6	35	-1691
2509	14	6	35	-1705
2510	14	6	35	-1719
2511	14	6	35	-1733
2512	14	6	35	-1747
2513	14	6	35	-1761
2514	14	6	35	-1775
2515	14	6	35	-1789
2516	14	6	35	-1803
2517	14	6	35	-1817
2518	14	6	35	-1831
2519	14	6	35	-1845
2520	14	6	35	-1859
2521	14	6	35	-1873
2522	14	6	35	-1887
2523	14	6	35	-1901
2524	14	6	35	-1915
2525	14	6	35	-1929
2526	14	6	35	-1943
2527	14	6	35	-1957
2528	14	6	35	-1971
2529	14	6	35	-1985
2530	14	6	35	-1999
2531	14	6	35	-2013
2532	14	6	35	-2027
2533	14	6	35	-2041
2534	14	6	35	-2055
2535	14	6	35	-2069
2536	14	6	35	-2083
2537	14	6	35	-2097
2538	14	6	35	-2111
2539	13	7	35	-2124
2540	13	7	35	-2137
2541	13	7	35	-2150
2542	13	7	35	-2163
2543	13	7	35	-2176
2544	13	7	35	-2189
2545	13	7	35	-2202
2546	13	7	35	-2215
2547	13	7	35	-2228
2548	13	7	35	-2241
2549	13	7	35	-2254
2550	13	7	35	-2267
2551	13	7	35	-2280
2552	13	7	35	-2293
2553	13	7	35	-2306
2554	13	7	35	-2319
2555	13	7	35	-2332
2556	13	7	35	-2345
2557	13	7	35	-2358
2558	13	7	35	-2371
2559	13	7	35	-2384
2560	14	6	35	-2398
2561	14	6	35	-2412
2562	14	6	35	-2426
2563	14	6	35	-2440
2564	15	5	35	-2455
2565	15	5	35	-2470
2566	15	5	35	-2485
2567	15	5	35	-2500
2568	15	5	35	-2515
2569	15	5	35	-2530
2570	15	5	35	-2545
2571	15	5	35	-2560
2572	15	5	35	-2575
2573	15	5	35	-2590
2574	15	5	35	-2605
2575	15	5	35	-2620
2576	15	5	35	-2635
2577	15	5	35	-2650
2578	15	5	35	-2665
2579	15	5	35	-2680
2580	15	5	35	-2695
2581	15	5	35	-2710
2582	15	5	35	-2725
2583	15	5	35	-2740
2584	15	5	35	-2755
2585	15	5	35	-2770
2586	15	5	35	-2785
2587	15	5	35	-2800
2588	15	5	35	-2815
2589	15	5	35	-2830
2590	15	5	35	-2845
2591	15	5	35	-2860
2592	15	5	35	-2875
2593	15	5	35	-2890
2594	15	5	35	-2905
2595	15	5	35	-2920
2596	15	5	35	-2935
2597	15	5	35	-2950
2598	15	5	35	-2965
2599	15	5	36	-1980
2600	15	5	36	-1995
2601	15	5	36	-2010
2602	15	5	36	-2025
2603	15	5	36	-2040
2604	15	5	36	-2055
2605	15	5	36	-2070
2606	15	5	36	-2085
2607	15	5	36	-2100
2608	15	5	36	-2115
2609	15	5	36	-2130
2610	15	5	36	-2145
2611	15	5	36	-2160
2612	15	5	36	-2175
2613	15	5	36	-2190
2614	15	5	36	-2205
2615	15	5	36	-2220
2616	15	5	36	-2235
2617	15	5	36	-2250
2618	15	5	36	-2265
2619	15	5	36	-2280
2620	14	6	36	-2294
2621	14	6	36	-2308
2622	14	6	36	-2322
2623	14	6	36	-2336
2624	14	6	36	-2350
2625	14	6	36	-2364
2626	14	6	36	-2378
2627	14	6	36	-2392
2628	14	6	36	-2406
2629	14	6	36	-2420
2630	14	6	36	-2434
2631	14	6	36	-2448
2632	14	6	36	-2462
2633	14	6	36	-2476
2634	14	6	36	-2490
2635	14	6	36	-2504
2636	14	6	36	-2518
2637	14	6	36	-2532
2638	14	6	36	-2546
2639	14	6	36	-2560
2640	14	6	36	-2574
2641	14	6	36	-2588
2642	14	6	36	-2602
2643	14	6	36	-2616
2644	14	6	36	-2630
2645	14	6	36	-2644
2646	14	6	36	-2658
2647	14	6	36	-2672
2648	14	6	36	-2686
2649	14	6	36	-2700
2650	14	6	36	-2714
2651	14	6	36	-2728
2652	14	6	36	-2742
2653	14	6	36	-2756
2654	14	6	36	-2770
2655	14	6	36	-2784
2656	14	6	36	-2798
2657	14	6	36	-2812
2658	13	7	36	-2825
2659	13	7	36	-2838
2660	13	7	36	-2851
2661	13	7	36	-2864
2662	13	7	36	-2877
2663	13	7	36	-2890
2664	13	7	36	-2903
2665	13	7	36	-2916
2666	13	7	36	-2929
2667	13	7	36	-2942
2668	13	7	36	-2955
2669	13	7	36	-2968
2670	13	7	36	-2981
2671	13	7	36	-2994
2672	13	7	36	-3007
2673	13	7	36	-3020
2674	13	7	36	-3033
2675	13	7	36	-3046
2676	13	7	36	-3059
2677	13	7	36	-3072
2678	13	7	36	-3085
2679	13	7	36	-3098
2680	13	7	36	-3111
2681	13	7	36	-3124
2682	13	7	36	-3137
2683	13	7	36	-3150
2684	13	7	36	-3163
2685	13	7	36	-3176
2686	13	7	36	-3189
2687	13	7	36	-3202
2688	13	7	36	-3215
2689	13	7	36	-3228
2690	13	7	36	-3241
2691	13	7	36	-3254
2692	13	7	36	-3267
2693	13	7	37	-2280
2694	13	7	37	-2293
2695	13	7	37	-2306
2696	13	7	37	-2319
2697	13	7	37	-2332
2698	13	7	37	-2345
2699	13	7	37	-2358
2700	13	7	37	-2371
2701	13	7	37	-2384
2702	13	7	37	-2397
2703	13	7	37	-2410
2704	13	7	37	-2423
2705	13	7	37	-2436
2706	13	7	37	-2449
2707	13	7	37	-2462
2708	13	7	37	-2475
2709	13	7	37	-2488
2710	13	7	37	-2501
2711	13	7	37	-2514
2712	13	7	37	-2527
2713	13	7	37	-2540
2714	13	7	37	-2553
2715	13	7	37	-2566
2716	13	7	37	-2579
2717	13	7	37	-2592
2718	13	7	37	-2605
2719	13	7	37	-2618
2720	13	7	37	-2631
2721	13	7	37	-2644
2722	13	7	37	-2657
2723	13	7	37	-2670
2724	13	7	37	-2683
2725	13	7	37	-2696
2726	13	7	37	-2709
2727	13	7	37	-2722
2728	13	7	37	-2735
2729	13	7	37	-2748
2730	13	7	37	-2761
2731	13	7	37	-2774
2732	13	7	37	-2787
2733	13	7	37	-2800
2734	13	7	37	-2813
2735	13	7	37	-2826
2736	13	7	37	-2839
2737	13	7	37	-2852
2738	13	7	37	-2865
2739	13	7	37	-2878
2740	13	7	37	-2891
2741	13	7	37	-2904
2742	13	7	37	-2917
2743	13	7	37	-2930
2744	13	7	37	-2943
2745	13	7	37	-2956
2746	13	7	37	-2969
2747	13	7	37	-2982
2748	13	7	37	-2995
2749	13	7	37	-3008
2750	13	7	37	-3021
2751	13	7	37	-3034
2752	12	8	37	-3046
2753	12	8	37	-3058
2754	12	8	37	-3070
2755	12	8	37	-3082
2756	12	8	37	-3094
2757	13	7	37	-3107
2758	13	7	37	-3120
2759	13	7	37	-3133
2760	13	7	37	-3146
2761	13	7	37	-3159
2762	13	7	37	-3172
2763	13	7	37	-3185
2764	13	7	37	-3198
2765	13	7	37	-3211
2766	13	7	37	-3224
2767	13	7	37	-3237
2768	13	7	37	-3250
2769	13	7	37	-3263
2770	13	7	37	-3276
2771	13	7	37	-3289
2772	13	7	37	-3302
2773	13	7	37	-3315
2774	13	7	37	-3328
2775	13	7	37	-3341
2776	14	6	37	-3355
2777	14	6	37	-3369
2778	14	6	37	-3383
2779	14	6	37	-3397
2780	14	6	37	-3411
2781	14	6	37	-3425
2782	14	6	37	-3439
2783	14	6	37	-3453
2784	14	6	37	-3467
2785	14	6	37	-3481
2786	14	6	37	-3495
2787	14	6	37	-3509
2788	14	6	37	-3523
2789	14	6	37	-3537
2790	14	6	37	-3551
2791	14	6	37	-3565
2792	14	6	37	-3579
2793	14	6	37	-3593
2794	14	6	39	-1607
2795	14	6	39	-1621
2796	14	6	39	-1635
2797	14	6	39	-1649
2798	14	6	39	-1663
2799	14	6	39	-1677
2800	14	6	39	-1691
2801	14	6	39	-1705
2802	14	6	39	-1719
2803	14	6	39	-1733
2804	14	6	39	-1747
2805	14	6	39	-1761
2806	14	6	39	-1775
2807	15	5	39	-1790
2808	15	5	39	-1805
2809	15	5	39	-1820
2810	15	5	39	-1835
2811	15	5	39	-1850
2812	15	5	39	-1865
2813	15	5	39	-1880
2814	15	5	39	-1895
2815	15	5	39	-1910
2816	15	5	39	-1925
2817	15	5	39	-1940
2818	15	5	39	-1955
2819	15	5	39	-1970
2820	15	5	39	-1985
2821	15	5	39	-2000
2822	15	5	39	-2015
2823	16	4	39	-2031
2824	16	4	39	-2047
2825	16	4	39	-2063
2826	16	4	39	-2079
2827	16	4	39	-2095
2828	16	4	39	-2111
2829	16	4	39	-2127
2830	16	4	39	-2143
2831	16	4	39	-2159
2832	16	4	39	-2175
2833	16	4	39	-2191
2834	16	4	39	-2207
2835	16	4	39	-2223
2836	16	4	39	-2239
2837	16	4	39	-2255
2838	17	3	39	-2272
2839	17	3	39	-2289
2840	17	3	39	-2306
2841	17	3	39	-2323
2842	17	3	39	-2340
2843	17	3	39	-2357
2844	17	3	39	-2374
2845	17	3	39	-2391
2846	17	3	39	-2408
2847	17	3	39	-2425
2848	17	3	39	-2442
2849	17	3	39	-2459
2850	17	3	39	-2476
2851	17	3	39	-2493
2852	17	3	39	-2510
2853	15	5	39	-2525
2854	15	5	39	-2540
2855	15	5	39	-2555
2856	15	5	39	-2570
2857	15	5	39	-2585
2858	15	5	39	-2600
2859	15	5	39	-2615
2860	15	5	40	-1630
2861	15	5	40	-1645
2862	15	5	40	-1660
2863	15	5	40	-1675
2864	15	5	40	-1690
2865	15	5	40	-1705
2866	15	5	40	-1720
2867	15	5	40	-1735
2868	15	5	40	-1750
2869	15	5	40	-1765
2870	16	4	40	-1781
2871	16	4	40	-1797
2872	16	4	40	-1813
2873	16	4	40	-1829
2874	16	4	40	-1845
2875	16	4	40	-1861
2876	16	4	40	-1877
2877	16	4	40	-1893
2878	16	4	40	-1909
2879	16	4	40	-1925
2880	16	4	40	-1941
2881	16	4	40	-1957
2882	16	4	40	-1973
2883	16	4	40	-1989
2884	16	4	40	-2005
2885	16	4	40	-2021
2886	16	4	40	-2037
2887	16	4	40	-2053
2888	16	4	40	-2069
2889	16	4	40	-2085
2890	16	4	40	-2101
2891	16	4	40	-2117
2892	17	3	40	-2134
2893	17	3	40	-2151
2894	17	3	40	-2168
2895	17	3	40	-2185
2896	17	3	40	-2202
2897	17	3	40	-2219
2898	17	3	40	-2236
2899	17	3	40	-2253
2900	17	3	40	-2270
2901	17	3	40	-2287
2902	17	3	41	-1304
2903	17	3	41	-1321
2904	17	3	41	-1338
2905	17	3	41	-1355
2906	17	3	41	-1372
2907	17	3	41	-1389
2908	17	3	41	-1406
2909	17	3	41	-1423
2910	17	3	41	-1440
2911	17	3	41	-1457
2912	17	3	41	-1474
2913	17	3	41	-1491
2914	17	3	41	-1508
2915	17	3	41	-1525
2916	17	3	41	-1542
2917	17	3	41	-1559
2918	16	4	41	-1575
2919	16	4	41	-1591
2920	16	4	41	-1607
2921	16	4	41	-1623
2922	16	4	41	-1639
2923	16	4	41	-1655
2924	16	4	41	-1671
2925	16	4	41	-1687
2926	16	4	41	-1703
2927	16	4	41	-1719
2928	16	4	41	-1735
2929	16	4	41	-1751
2930	16	4	41	-1767
2931	16	4	41	-1783
2932	16	4	41	-1799
2933	16	4	41	-1815
2934	16	4	41	-1831
2935	16	4	41	-1847
2936	16	4	41	-1863
2937	16	4	41	-1879
2938	16	4	41	-1895
2939	16	4	41	-1911
2940	16	4	41	-1927
2941	16	4	41	-1943
2942	16	4	41	-1959
2943	16	4	41	-1975
2944	16	4	41	-1991
2945	16	4	41	-2007
2946	16	4	41	-2023
2947	16	4	41	-2039
2948	16	4	41	-2055
2949	16	4	41	-2071
2950	16	4	41	-2087
2951	16	4	41	-2103
2952	16	4	41	-2119
2953	16	4	41	-2135
2954	16	4	41	-2151
2955	16	4	41	-2167
2956	16	4	41	-2183
2957	16	4	41	-2199
2958	16	4	41	-2215
2959	16	4	41	-2231
2960	15	5	41	-2246
2961	15	5	41	-2261
2962	15	5	41	-2276
2963	15	5	41	-2291
2964	15	5	41	-2306
2965	15	5	41	-2321
2966	15	5	41	-2336
2967	15	5	41	-2351
2968	15	5	41	-2366
2969	15	5	41	-2381
2970	15	5	41	-2396
2971	16	4	41	-2412
2972	16	4	41	-2428
2973	16	4	41	-2444
2974	16	4	41	-2460
2975	16	4	41	-2476
2976	16	4	41	-2492
2977	16	4	41	-2508
2978	16	4	41	-2524
2979	16	4	41	-2540
2980	16	4	41	-2556
2981	16	4	41	-2572
2982	16	4	41	-2588
2983	16	4	41	-2604
2984	16	4	41	-2620
2985	16	4	41	-2636
2986	16	4	41	-2652
2987	16	4	41	-2668
2988	16	4	41	-2684
2989	16	4	41	-2700
2990	16	4	41	-2716
2991	16	4	41	-2732
2992	16	4	41	-2748
2993	16	4	41	-2764
2994	16	4	41	-2780
2995	16	4	41	-2796
2996	16	4	41	-2812
2997	16	4	41	-2828
2998	16	4	41	-2844
2999	16	4	41	-2860
3000	16	4	41	-2876
3001	16	4	41	-2892
3002	16	4	41	-2908
3003	16	4	41	-2924
3004	16	4	41	-2940
3005	16	4	41	-2956
3006	16	4	41	-2972
3007	16	4	41	-2988
3008	16	4	41	-3004
3009	16	4	41	-3020
3010	16	4	41	-3036
3011	16	4	41	-3052
3012	16	4	41	-3068
3013	16	4	41	-3084
3014	16	4	41	-3100
3015	16	4	41	-3116
3016	16	4	41	-3132
3017	16	4	41	-3148
3018	16	4	41	-3164
3019	16	4	41	-3180
3020	15	5	41	-3195
3021	16	4	41	-3211
3022	16	4	41	-3227
3023	16	4	41	-3243
3024	16	4	41	-3259
3025	17	3	41	-3276
3026	17	3	41	-3293
3027	17	3	41	-3310
3028	17	3	41	-3327
3029	17	3	41	-3344
3030	17	3	41	-3361
3031	17	3	41	-3378
3032	17	3	41	-3395
3033	17	3	41	-3412
3034	17	3	41	-3429
3035	17	3	41	-3446
3036	17	3	41	-3463
3037	17	3	41	-3480
3038	17	3	41	-3497
3039	18	2	41	-3515
3040	18	2	41	-3533
3041	18	2	41	-3551
3042	18	2	41	-3569
3043	18	2	41	-3587
3044	18	2	41	-3605
3045	18	2	41	-3623
3046	18	2	41	-3641
3047	18	2	41	-3659
3048	18	2	41	-3677
3049	18	2	41	-3695
3050	18	2	41	-3713
3051	18	2	41	-3731
3052	18	2	41	-3749
3053	18	2	41	-3767
3054	18	2	41	-3785
3055	18	2	41	-3803
3056	18	2	41	-3821
3057	18	2	41	-3839
3058	18	2	41	-3857
3059	18	2	41	-3875
3060	18	2	41	-3893
3061	18	2	41	-3911
3062	18	2	41	-3929
3063	18	2	41	-3947
3064	18	2	41	-3965
3065	18	2	41	-3983
3066	18	2	41	-4001
3067	18	2	41	-4019
3068	18	2	41	-4037
3069	18	2	41	-4055
3070	18	2	41	-4073
3071	18	2	41	-4091
3072	18	2	41	-4109
3073	18	2	41	-4127
3074	18	2	41	-4145
3075	18	2	41	-4163
3076	18	2	41	-4181
3077	18	2	41	-4199
3078	18	2	41	-4217
3079	18	2	41	-4235
3080	18	2	41	-4253
3081	18	2	41	-4271
3082	18	2	41	-4289
3083	17	3	41	-4306
3084	17	3	41	-4323
3085	17	3	41	-4340
3086	17	3	41	-4357
3087	17	3	41	-4374
3088	17	3	41	-4391
3089	17	3	41	-4408
3090	17	3	41	-4425
3091	17	3	41	-4442
3092	17	3	41	-4459
3093	17	3	41	-4476
3094	17	3	41	-4493
3095	17	3	41	-4510
3096	17	3	41	-4527
3097	17	3	41	-4544
3098	17	3	41	-4561
3099	17	3	41	-4578
3100	17	3	41	-4595
3101	17	3	41	-4612
3102	17	3	41	-4629
3103	17	3	41	-4646
3104	17	3	41	-4663
3105	17	3	41	-4680
3106	17	3	41	-4697
3107	17	3	41	-4714
3108	17	3	41	-4731
3109	17	3	42	-3748
3110	17	3	42	-3765
3111	17	3	42	-3782
3112	17	3	42	-3799
3113	17	3	42	-3816
3114	17	3	42	-3833
3115	17	3	42	-3850
3116	17	3	42	-3867
3117	17	3	42	-3884
3118	17	3	42	-3901
3119	17	3	42	-3918
3120	17	3	42	-3935
3121	17	3	42	-3952
3122	17	3	42	-3969
3123	17	3	42	-3986
3124	17	3	42	-4003
3125	17	3	42	-4020
3126	17	3	42	-4037
3127	17	3	42	-4054
3128	17	3	42	-4071
3129	17	3	42	-4088
3130	17	3	42	-4105
3131	17	3	42	-4122
3132	17	3	42	-4139
3133	17	3	42	-4156
3134	17	3	42	-4173
3135	17	3	42	-4190
3136	17	3	42	-4207
3137	17	3	42	-4224
3138	17	3	42	-4241
3139	17	3	42	-4258
3140	17	3	42	-4275
3141	17	3	42	-4292
3142	17	3	42	-4309
3143	17	3	42	-4326
3144	17	3	42	-4343
3145	17	3	42	-4360
3146	17	3	42	-4377
3147	17	3	43	-3394
3148	17	3	43	-3411
3149	17	3	43	-3428
3150	17	3	43	-3445
3151	17	3	43	-3462
3152	17	3	43	-3479
3153	17	3	43	-3496
3154	17	3	43	-3513
3155	17	3	43	-3530
3156	17	3	43	-3547
3157	17	3	43	-3564
3158	17	3	43	-3581
3159	17	3	43	-3598
3160	17	3	43	-3615
3161	17	3	43	-3632
3162	17	3	43	-3649
3163	17	3	43	-3666
3164	17	3	43	-3683
3165	17	3	43	-3700
3166	17	3	43	-3717
3167	17	3	43	-3734
3168	16	4	43	-3750
3169	16	4	43	-3766
3170	16	4	43	-3782
3171	16	4	43	-3798
3172	16	4	43	-3814
3173	16	4	43	-3830
3174	16	4	43	-3846
3175	16	4	43	-3862
3176	16	4	43	-3878
3177	16	4	43	-3894
3178	16	4	43	-3910
3179	16	4	43	-3926
3180	16	4	43	-3942
3181	16	4	43	-3958
3182	16	4	43	-3974
3183	16	4	43	-3990
3184	16	4	43	-4006
3185	16	4	43	-4022
3186	16	4	43	-4038
3187	16	4	43	-4054
3188	16	4	43	-4070
3189	16	4	43	-4086
3190	16	4	43	-4102
3191	16	4	43	-4118
3192	16	4	43	-4134
3193	16	4	43	-4150
3194	16	4	44	-3166
3195	16	4	44	-3182
3196	16	4	44	-3198
3197	16	4	44	-3214
3198	16	4	44	-3230
3199	16	4	44	-3246
3200	16	4	44	-3262
3201	16	4	44	-3278
3202	16	4	44	-3294
3203	16	4	44	-3310
3204	16	4	44	-3326
3205	16	4	44	-3342
3206	16	4	44	-3358
3207	16	4	44	-3374
3208	16	4	45	-2390
3209	16	4	45	-2406
3210	16	4	45	-2422
3211	16	4	45	-2438
3212	16	4	45	-2454
3213	16	4	45	-2470
3214	14	6	45	-2484
3215	14	6	45	-2498
3216	14	6	45	-2512
3217	14	6	45	-2526
3218	14	6	45	-2540
3219	14	6	45	-2554
3220	14	6	45	-2568
3221	14	6	45	-2582
3222	14	6	45	-2596
3223	14	6	45	-2610
3224	14	6	45	-2624
3225	14	6	45	-2638
3226	14	6	45	-2652
3227	14	6	45	-2666
3228	14	6	45	-2680
3229	14	6	45	-2694
3230	14	6	45	-2708
3231	15	5	45	-2723
3232	15	5	45	-2738
3233	15	5	45	-2753
3234	15	5	45	-2768
3235	15	5	45	-2783
3236	15	5	45	-2798
3237	15	5	45	-2813
3238	15	5	45	-2828
3239	15	5	45	-2843
3240	15	5	45	-2858
3241	15	5	45	-2873
3242	15	5	45	-2888
3243	15	5	45	-2903
3244	15	5	45	-2918
3245	15	5	45	-2933
3246	15	5	45	-2948
3247	15	5	45	-2963
3248	15	5	45	-2978
3249	15	5	45	-2993
3250	15	5	45	-3008
3251	15	5	45	-3023
3252	14	6	45	-3037
3253	14	6	45	-3051
3254	14	6	45	-3065
3255	14	6	45	-3079
3256	14	6	45	-3093
3257	14	6	45	-3107
3258	14	6	45	-3121
3259	14	6	45	-3135
3260	14	6	45	-3149
3261	14	6	45	-3163
3262	14	6	45	-3177
3263	14	6	45	-3191
3264	14	6	45	-3205
3265	14	6	45	-3219
3266	13	7	45	-3232
3267	13	7	45	-3245
3268	13	7	45	-3258
3269	13	7	45	-3271
3270	13	7	45	-3284
3271	13	7	45	-3297
3272	13	7	45	-3310
3273	13	7	45	-3323
3274	13	7	45	-3336
3275	13	7	45	-3349
3276	13	7	45	-3362
3277	13	7	45	-3375
3278	13	7	45	-3388
3279	13	7	45	-3401
3280	13	7	45	-3414
3281	13	7	45	-3427
3282	13	7	45	-3440
3283	13	7	45	-3453
3284	13	7	45	-3466
3285	13	7	45	-3479
3286	13	7	45	-3492
3287	13	7	45	-3505
3288	13	7	45	-3518
3289	13	7	45	-3531
3290	13	7	45	-3544
3291	13	7	45	-3557
3292	13	7	45	-3570
3293	13	7	45	-3583
3294	13	7	45	-3596
3295	13	7	45	-3609
3296	13	7	45	-3622
3297	13	7	45	-3635
3298	13	7	45	-3648
3299	13	7	45	-3661
3300	13	7	45	-3674
3301	13	7	45	-3687
3302	13	7	46	-2700
3303	13	7	46	-2713
3304	13	7	46	-2726
3305	13	7	46	-2739
3306	13	7	46	-2752
3307	13	7	46	-2765
3308	13	7	46	-2778
3309	13	7	46	-2791
3310	13	7	46	-2804
3311	13	7	46	-2817
3312	13	7	47	-1830
3313	13	7	47	-1843
3314	13	7	47	-1856
3315	13	7	47	-1869
3316	13	7	47	-1882
3317	13	7	47	-1895
3318	13	7	47	-1908
3319	13	7	47	-1921
3320	13	7	47	-1934
3321	13	7	47	-1947
3322	13	7	47	-1960
3323	13	7	47	-1973
3324	13	7	47	-1986
3325	13	7	47	-1999
3326	13	7	47	-2012
3327	13	7	47	-2025
3328	13	7	47	-2038
3329	13	7	47	-2051
3330	13	7	47	-2064
3331	13	7	47	-2077
3332	13	7	47	-2090
3333	13	7	47	-2103
3334	13	7	47	-2116
3335	13	7	47	-2129
3336	13	7	47	-2142
3337	13	7	47	-2155
3338	13	7	47	-2168
3339	13	7	47	-2181
3340	13	7	47	-2194
3341	13	7	47	-2207
3342	13	7	47	-2220
3343	13	7	47	-2233
3344	13	7	47	-2246
3345	13	7	47	-2259
3346	13	7	47	-2272
3347	13	7	47	-2285
3348	13	7	47	-2298
3349	13	7	47	-2311
3350	13	7	47	-2324
3351	13	7	47	-2337
3352	13	7	47	-2350
3353	13	7	47	-2363
3354	13	7	47	-2376
3355	13	7	47	-2389
3356	13	7	47	-2402
3357	13	7	47	-2415
3358	13	7	47	-2428
3359	13	7	47	-2441
3360	13	7	47	-2454
3361	13	7	47	-2467
3362	13	7	47	-2480
3363	13	7	47	-2493
3364	13	7	47	-2506
3365	12	8	47	-2518
3366	12	8	47	-2530
3367	12	8	47	-2542
3368	12	8	47	-2554
3369	12	8	47	-2566
3370	12	8	47	-2578
3371	11	9	47	-2589
3372	11	9	47	-2600
3373	11	9	47	-2611
3374	11	9	47	-2622
3375	11	9	47	-2633
3376	11	9	47	-2644
3377	11	9	47	-2655
3378	11	9	47	-2666
3379	11	9	47	-2677
3380	11	9	47	-2688
3381	11	9	47	-2699
3382	11	9	47	-2710
3383	11	9	47	-2721
3384	11	9	47	-2732
3385	11	9	47	-2743
3386	11	9	47	-2754
3387	11	9	47	-2765
3388	11	9	47	-2776
3389	11	9	47	-2787
3390	12	8	47	-2799
3391	13	7	47	-2812
3392	13	7	47	-2825
3393	13	7	47	-2838
3394	13	7	47	-2851
3395	13	7	47	-2864
3396	13	7	47	-2877
3397	13	7	47	-2890
3398	13	7	47	-2903
3399	13	7	47	-2916
3400	13	7	47	-2929
3401	13	7	47	-2942
3402	13	7	47	-2955
3403	13	7	47	-2968
3404	13	7	47	-2981
3405	13	7	47	-2994
3406	13	7	48	-2007
3407	13	7	48	-2020
3408	13	7	48	-2033
3409	13	7	48	-2046
3410	13	7	48	-2059
3411	13	7	48	-2072
3412	13	7	48	-2085
3413	13	7	48	-2098
3414	13	7	48	-2111
3415	13	7	48	-2124
3416	12	8	48	-2136
3417	12	8	48	-2148
3418	12	8	48	-2160
3419	12	8	48	-2172
3420	12	8	48	-2184
3421	12	8	48	-2196
3422	12	8	48	-2208
3423	12	8	48	-2220
3424	12	8	48	-2232
3425	12	8	48	-2244
3426	12	8	48	-2256
3427	12	8	48	-2268
3428	12	8	48	-2280
3429	12	8	48	-2292
3430	12	8	48	-2304
3431	12	8	48	-2316
3432	12	8	48	-2328
3433	12	8	48	-2340
3434	12	8	48	-2352
3435	12	8	48	-2364
3436	12	8	48	-2376
3437	13	7	48	-2389
3438	13	7	48	-2402
3439	13	7	48	-2415
3440	13	7	48	-2428
3441	13	7	48	-2441
3442	13	7	48	-2454
3443	13	7	48	-2467
3444	13	7	48	-2480
3445	13	7	48	-2493
3446	13	7	48	-2506
3447	13	7	48	-2519
3448	13	7	48	-2532
3449	13	7	48	-2545
3450	13	7	48	-2558
3451	13	7	48	-2571
3452	13	7	48	-2584
3453	13	7	48	-2597
3454	13	7	48	-2610
3455	13	7	48	-2623
3456	13	7	48	-2636
3457	13	7	48	-2649
3458	13	7	48	-2662
3459	13	7	48	-2675
3460	13	7	48	-2688
3461	13	7	48	-2701
3462	13	7	49	-1714
3463	13	7	49	-1727
3464	13	7	49	-1740
3465	12	8	49	-1752
3466	12	8	49	-1764
3467	12	8	49	-1776
3468	12	8	49	-1788
3469	12	8	49	-1800
3470	12	8	49	-1812
3471	13	7	49	-1825
3472	13	7	49	-1838
3473	13	7	49	-1851
3474	14	6	49	-1865
3475	14	6	50	-879
3476	14	6	50	-893
3477	14	6	50	-907
3478	14	6	50	-921
3479	14	6	50	-935
3480	14	6	50	-949
3481	14	6	50	-963
3482	14	6	50	-977
3483	14	6	50	-991
3484	14	6	50	-1005
3485	14	6	50	-1019
3486	14	6	50	-1033
3487	14	6	50	-1047
3488	14	6	50	-1061
3489	14	6	50	-1075
3490	14	6	50	-1089
3491	14	6	50	-1103
3492	14	6	50	-1117
3493	14	6	50	-1131
3494	14	6	50	-1145
3495	14	6	50	-1159
3496	14	6	50	-1173
3497	14	6	50	-1187
3498	14	6	50	-1201
3499	14	6	50	-1215
3500	14	6	50	-1229
3501	14	6	50	-1243
3502	14	6	50	-1257
3503	14	6	50	-1271
3504	14	6	50	-1285
3505	14	6	50	-1299
3506	14	6	50	-1313
3507	14	6	50	-1327
3508	14	6	50	-1341
3509	14	6	50	-1355
3510	14	6	51	-369
3511	14	6	51	-383
3512	14	6	51	-397
3513	14	6	51	-411
3514	14	6	51	-425
3515	14	6	51	-439
3516	14	6	51	-453
3517	14	6	51	-467
3518	14	6	51	-481
3519	14	6	51	-495
3520	13	7	51	-508
3521	13	7	51	-521
3522	13	7	51	-534
3523	13	7	51	-547
3524	13	7	51	-560
3525	13	7	51	-573
3526	13	7	51	-586
3527	14	6	51	-600
3528	14	6	51	-614
3529	14	6	51	-628
3530	14	6	51	-642
3531	14	6	51	-656
3532	14	6	52	330
3533	14	6	52	316
3534	14	6	52	302
3535	14	6	52	288
3536	14	6	52	274
3537	15	5	52	259
3538	15	5	52	244
3539	15	5	52	229
3540	15	5	52	214
3541	15	5	52	199
3542	15	5	52	184
3543	15	5	52	169
3544	15	5	52	154
3545	15	5	52	139
3546	15	5	52	124
3547	15	5	52	109
3548	15	5	52	94
3549	15	5	52	79
3550	15	5	52	64
3551	15	5	52	49
3552	15	5	52	34
3553	15	5	52	19
3554	15	5	52	4
3555	15	5	52	-11
3556	15	5	52	-26
3557	15	5	52	-41
3558	15	5	52	-56
3559	15	5	52	-71
3560	15	5	52	-86
3561	15	5	52	-101
3562	15	5	52	-116
3563	15	5	52	-131
3564	15	5	52	-146
3565	15	5	52	-161
3566	15	5	52	-176
3567	15	5	52	-191
3568	15	5	52	-206
3569	16	4	52	-222
3570	16	4	52	-238
3571	16	4	52	-254
3572	15	5	52	-269
3573	15	5	52	-284
3574	15	5	52	-299
3575	15	5	52	-314
3576	16	4	52	-330
3577	16	4	52	-346
3578	16	4	52	-362
3579	16	4	52	-378
3580	16	4	52	-394
3581	16	4	52	-410
3582	17	3	52	-427
3583	17	3	52	-444
3584	17	3	52	-461
3585	17	3	52	-478
3586	17	3	52	-495
3587	17	3	52	-512
3588	17	3	52	-529
3589	17	3	52	-546
3590	16	4	52	-562
3591	16	4	52	-578
3592	16	4	52	-594
3593	15	5	52	-609
3594	15	5	52	-624
3595	15	5	52	-639
3596	15	5	52	-654
3597	15	5	52	-669
3598	15	5	52	-684
3599	15	5	52	-699
3600	15	5	52	-714
3601	15	5	52	-729
3602	15	5	52	-744
3603	15	5	52	-759
3604	15	5	52	-774
3605	15	5	52	-789
3606	16	4	52	-805
3607	16	4	52	-821
3608	16	4	52	-837
3609	16	4	52	-853
3610	16	4	52	-869
3611	16	4	52	-885
3612	16	4	52	-901
3613	16	4	52	-917
3614	16	4	52	-933
3615	16	4	52	-949
3616	16	4	52	-965
3617	16	4	52	-981
3618	16	4	52	-997
3619	16	4	52	-1013
3620	16	4	52	-1029
3621	16	4	52	-1045
3622	16	4	52	-1061
3623	17	3	52	-1078
3624	17	3	52	-1095
3625	17	3	52	-1112
3626	17	3	52	-1129
3627	17	3	52	-1146
3628	17	3	52	-1163
3629	17	3	52	-1180
3630	17	3	52	-1197
3631	17	3	52	-1214
3632	17	3	52	-1231
3633	17	3	52	-1248
3634	17	3	52	-1265
3635	17	3	52	-1282
3636	17	3	52	-1299
3637	17	3	52	-1316
3638	17	3	52	-1333
3639	17	3	52	-1350
3640	17	3	52	-1367
3641	17	3	52	-1384
3642	17	3	52	-1401
3643	17	3	52	-1418
3644	17	3	52	-1435
3645	17	3	52	-1452
3646	17	3	52	-1469
3647	17	3	52	-1486
3648	17	3	52	-1503
3649	17	3	52	-1520
3650	17	3	52	-1537
3651	17	3	52	-1554
3652	17	3	52	-1571
3653	17	3	52	-1588
3654	17	3	52	-1605
3655	17	3	52	-1622
3656	17	3	52	-1639
3657	17	3	52	-1656
3658	17	3	52	-1673
3659	17	3	52	-1690
3660	17	3	52	-1707
3661	17	3	52	-1724
3662	17	3	52	-1741
3663	17	3	52	-1758
3664	17	3	52	-1775
3665	17	3	52	-1792
3666	17	3	52	-1809
3667	17	3	52	-1826
3668	17	3	52	-1843
3669	17	3	52	-1860
3670	17	3	52	-1877
3671	17	3	52	-1894
3672	17	3	52	-1911
3673	17	3	52	-1928
3674	17	3	52	-1945
3675	17	3	52	-1962
3676	17	3	52	-1979
3677	17	3	52	-1996
3678	17	3	52	-2013
3679	17	3	52	-2030
3680	17	3	52	-2047
3681	17	3	52	-2064
3682	17	3	52	-2081
3683	17	3	52	-2098
3684	17	3	52	-2115
3685	17	3	52	-2132
3686	17	3	52	-2149
3687	17	3	52	-2166
3688	17	3	52	-2183
3689	17	3	52	-2200
3690	17	3	52	-2217
3691	17	3	52	-2234
3692	17	3	52	-2251
3693	17	3	52	-2268
3694	17	3	52	-2285
3695	16	4	52	-2301
3696	16	4	52	-2317
3697	16	4	52	-2333
3698	16	4	52	-2349
3699	16	4	52	-2365
3700	16	4	52	-2381
3701	16	4	52	-2397
3702	16	4	52	-2413
3703	16	4	52	-2429
3704	16	4	52	-2445
3705	16	4	52	-2461
3706	16	4	52	-2477
3707	16	4	52	-2493
3708	16	4	52	-2509
3709	16	4	52	-2525
3710	16	4	52	-2541
3711	16	4	52	-2557
3712	16	4	52	-2573
3713	16	4	53	-1589
3714	16	4	53	-1605
3715	16	4	53	-1621
3716	16	4	53	-1637
3717	16	4	53	-1653
3718	16	4	53	-1669
3719	16	4	53	-1685
3720	16	4	53	-1701
3721	16	4	53	-1717
3722	16	4	53	-1733
3723	16	4	53	-1749
3724	16	4	53	-1765
3725	16	4	53	-1781
3726	16	4	53	-1797
3727	16	4	53	-1813
3728	16	4	53	-1829
3729	16	4	53	-1845
3730	16	4	53	-1861
3731	16	4	53	-1877
3732	17	3	53	-1894
3733	17	3	53	-1911
3734	17	3	53	-1928
3735	17	3	53	-1945
3736	17	3	53	-1962
3737	17	3	53	-1979
3738	17	3	53	-1996
3739	17	3	53	-2013
3740	17	3	53	-2030
3741	17	3	53	-2047
3742	17	3	53	-2064
3743	17	3	53	-2081
3744	17	3	53	-2098
3745	17	3	53	-2115
3746	17	3	53	-2132
3747	17	3	53	-2149
3748	17	3	53	-2166
3749	17	3	53	-2183
3750	17	3	53	-2200
3751	17	3	53	-2217
3752	17	3	53	-2234
3753	17	3	53	-2251
3754	17	3	53	-2268
3755	17	3	53	-2285
3756	17	3	53	-2302
3757	17	3	53	-2319
3758	17	3	53	-2336
3759	17	3	53	-2353
3760	17	3	53	-2370
3761	17	3	53	-2387
3762	17	3	53	-2404
3763	17	3	53	-2421
3764	17	3	53	-2438
3765	17	3	53	-2455
3766	17	3	53	-2472
3767	17	3	53	-2489
3768	17	3	53	-2506
3769	17	3	53	-2523
3770	17	3	53	-2540
3771	17	3	53	-2557
3772	16	4	53	-2573
3773	16	4	53	-2589
3774	16	4	53	-2605
3775	16	4	53	-2621
3776	16	4	53	-2637
3777	16	4	53	-2653
3778	16	4	53	-2669
3779	16	4	53	-2685
3780	16	4	53	-2701
3781	16	4	53	-2717
3782	16	4	53	-2733
3783	16	4	53	-2749
3784	16	4	53	-2765
3785	16	4	53	-2781
3786	16	4	53	-2797
3787	16	4	53	-2813
3788	16	4	53	-2829
3789	16	4	53	-2845
3790	16	4	53	-2861
3791	16	4	53	-2877
3792	16	4	53	-2893
3793	16	4	53	-2909
3794	16	4	53	-2925
3795	16	4	53	-2941
3796	16	4	53	-2957
3797	16	4	53	-2973
3798	16	4	53	-2989
3799	16	4	53	-3005
3800	16	4	53	-3021
3801	16	4	53	-3037
3802	16	4	53	-3053
3803	16	4	53	-3069
3804	16	4	53	-3085
3805	16	4	53	-3101
3806	16	4	53	-3117
3807	16	4	53	-3133
3808	16	4	53	-3149
3809	16	4	53	-3165
3810	16	4	53	-3181
3811	16	4	53	-3197
3812	16	4	53	-3213
3813	16	4	53	-3229
3814	16	4	54	-2245
3815	16	4	54	-2261
3816	16	4	54	-2277
3817	16	4	54	-2293
3818	16	4	54	-2309
3819	16	4	54	-2325
3820	16	4	54	-2341
3821	16	4	54	-2357
3822	16	4	54	-2373
3823	16	4	54	-2389
3824	16	4	54	-2405
3825	16	4	54	-2421
3826	16	4	54	-2437
3827	16	4	54	-2453
3828	16	4	54	-2469
3829	16	4	54	-2485
3830	16	4	54	-2501
3831	16	4	54	-2517
3832	16	4	54	-2533
3833	16	4	54	-2549
3834	16	4	54	-2565
3835	16	4	54	-2581
3836	16	4	54	-2597
3837	16	4	54	-2613
3838	16	4	54	-2629
3839	16	4	54	-2645
3840	16	4	54	-2661
3841	16	4	54	-2677
3842	16	4	54	-2693
3843	16	4	54	-2709
3844	16	4	54	-2725
3845	16	4	54	-2741
3846	16	4	54	-2757
3847	16	4	54	-2773
3848	16	4	54	-2789
3849	16	4	54	-2805
3850	16	4	54	-2821
3851	16	4	54	-2837
3852	16	4	54	-2853
3853	16	4	54	-2869
3854	16	4	54	-2885
3855	16	4	54	-2901
3856	16	4	54	-2917
3857	16	4	54	-2933
3858	16	4	54	-2949
3859	16	4	54	-2965
3860	16	4	54	-2981
3861	16	4	54	-2997
3862	16	4	54	-3013
3863	16	4	54	-3029
3864	16	4	54	-3045
3865	16	4	54	-3061
3866	16	4	54	-3077
3867	16	4	54	-3093
3868	16	4	54	-3109
3869	16	4	54	-3125
3870	16	4	54	-3141
3871	16	4	54	-3157
3872	16	4	54	-3173
3873	15	5	54	-3188
3874	15	5	54	-3203
3875	15	5	54	-3218
3876	15	5	54	-3233
3877	15	5	54	-3248
3878	15	5	54	-3263
3879	15	5	54	-3278
3880	15	5	54	-3293
3881	15	5	54	-3308
3882	15	5	54	-3323
3883	15	5	54	-3338
3884	15	5	54	-3353
3885	15	5	54	-3368
3886	15	5	54	-3383
3887	15	5	54	-3398
3888	15	5	54	-3413
3889	15	5	54	-3428
3890	15	5	54	-3443
3891	15	5	54	-3458
3892	15	5	54	-3473
3893	15	5	54	-3488
3894	15	5	54	-3503
3895	15	5	54	-3518
3896	15	5	54	-3533
3897	15	5	54	-3548
3898	15	5	54	-3563
3899	15	5	54	-3578
3900	15	5	54	-3593
3901	15	5	54	-3608
3902	15	5	54	-3623
3903	15	5	54	-3638
3904	15	5	54	-3653
3905	15	5	54	-3668
3906	15	5	54	-3683
3907	15	5	54	-3698
3908	15	5	54	-3713
3909	15	5	54	-3728
3910	15	5	55	-2743
3911	15	5	55	-2758
3912	15	5	55	-2773
3913	15	5	55	-2788
3914	15	5	55	-2803
3915	15	5	55	-2818
3916	15	5	55	-2833
3917	15	5	55	-2848
3918	15	5	55	-2863
3919	15	5	55	-2878
3920	15	5	55	-2893
3921	15	5	55	-2908
3922	15	5	55	-2923
3923	15	5	55	-2938
3924	15	5	55	-2953
3925	15	5	55	-2968
3926	15	5	55	-2983
3927	15	5	55	-2998
3928	15	5	55	-3013
3929	15	5	55	-3028
3930	15	5	55	-3043
3931	15	5	55	-3058
3932	15	5	55	-3073
3933	15	5	55	-3088
3934	15	5	55	-3103
3935	15	5	55	-3118
3936	15	5	55	-3133
3937	15	5	55	-3148
3938	15	5	55	-3163
